tree
version=v4
num_class=1
num_tree_per_iteration=1
label_index=0
max_feature_idx=9
objective=regression
feature_names=Column_0 Column_1 Column_2 Column_3 Column_4 Column_5 Column_6 Column_7 Column_8 Column_9
feature_infos=[-1.4982700951458314:1.4982700951458314] [-0.63368320487849272:1.5780755940845042] [-7.3958776108082063:2.7448980266313372] [-0.26699649569399087:3.7453675090407055] [-1.6032069272708922:5.5710413494968991] [-3.721871126872335:3.2205456515597994] [-1.6870572562614465:1.7236227722790711] [-1.6387496882728867:1.5840524911428266] [-1.2456510737482795:1.2115858666267003] [-1.7289042541194837:1.6978546464523832]
tree_sizes=2118 2415 2345 2508 2258 2429 2447 2272 2528 2440 2349 2521 2448 2432 2344 2437 2435 2272 2193 2358 2355 2274 2349 2272 2183 2378 2280 2433

Tree=0
num_leaves=25
num_cat=0
split_feature=9 9 8 9 9 6 6 6 6 5 9 6 9 7 5 7 6 9 7 6 5 9 9 0
split_gain=367.968 179.207 109.458 82.1118 61.4522 34.7843 38.7953 32.2738 26.3368 38.6309 25.5037 24.3981 28.9529 26.7758 34.7761 16.9768 31.6691 15.6444 11.1806 11.0348 14.7221 30.2071 4.08215 1.57895
threshold=1.0595368120321338 -0.41867290978318161 -0.63134183865453442 0.52200600409929165 1.5970676199649756 -0.94807658341100087 0.98464209942862591 0.075127425151154323 0.52988476228989012 -0.25066273765626779 -0.082716154825155472 -0.60700858055694906 -1.4265431746572599 -1.1992766638071075 -1.1763183081138855 0.85159745036652823 0.18881675943583826 1.3283022159985547 -0.61331263118606871 0.75726343085925796 0.67499283280135014 -0.6874383137496024 0.051666547158054986 -1.0000000180025095e-35
decision_type=2 2 2 2 2 2 2 2 2 2 2 2 2 2 2 2 2 2 2 2 2 2 2 2
left_child=1 11 8 7 5 -2 17 22 9 -3 -9 12 -1 14 -13 16 -5 -7 23 20 -15 -22 -4 -14
right_child=4 2 3 15 -6 6 -8 10 -10 -11 -12 13 18 19 -16 -17 -18 -19 -20 -21 21 -23 -24 -25
leaf_value=6.8656192244012368 6.9148084135402028 6.8834570623177269 6.8034570622210708 6.7779269167008387 6.9416192243040671 6.83095255767146 6.9084763673911134 6.7843692243902805 6.8153970022748496 6.8270826390362389 6.7374374062592617 6.8631192245268746 6.8189525578215751 6.8344192242904427 6.8126192243381265 6.8456192244062457 6.8387226728113006 6.8700636688885348 6.8440192243858098 6.8847303355552016 6.8945081132667516 6.8379269167008383 6.7851314195821946 6.805619224377863
leaf_weight=34 37 37 37 26 35 30 28 32 45 41 44 48 27 25 40 35 29 36 25 45 36 26 41 30
leaf_count=34 37 37 37 26 35 30 28 32 45 41 44 48 27 25 40 35 29 36 25 45 36 26 41 30
internal_value=6.84097 6.82832 6.809 6.79349 6.89453 6.88196 6.86902 6.77575 6.83977 6.85382 6.7572 6.84943 6.83458 6.85726 6.84016 6.82384 6.80998 6.85229 6.82172 6.86865 6.86033 6.87078 6.79382 6.81194
internal_weight=869 703 367 244 166 131 94 154 123 78 76 336 116 220 88 90 55 66 82 132 87 62 78 57
internal_count=869 703 367 244 166 131 94 154 123 78 76 336 116 220 88 90 55 66 82 132 87 62 78 57
is_linear=0
shrinkage=1


Tree=1
num_leaves=27
num_cat=0
split_feature=4 7 9 4 9 4 4 0 6 9 7 5 9 9 4 9 6 5 6 9 5 6 6 4 9 4
split_gain=604.182 103.496 89.5068 64.8055 52.6945 46.3569 80.0341 43.0219 44.3132 43.76 57.5798 39.9818 30.1374 30.0353 32.8535 29.5253 25.6729 23.4547 24.6185 20.4972 16.8557 10.9851 9.10756 8.37219 5.0059 4.70042
threshold=-0.17201138818733452 0.85159745036652823 1.5970676199649756 1.1678312441462091 0.92515411004892301 -0.98809735515412911 -0.91501502975411764 -1.0000000180025095e-35 0.87095276514394182 -0.41867290978318161 -0.90629464749658817 -0.71349052288507664 1.2611108650069494 -0.55305561176639195 -0.47652107735404886 0.051666547158054986 -0.26594057770289742 0.67499283280135014 -0.94807658341100087 0.11885789814966023 0.67499283280135014 0.41619542800520609 0.30250609372052223 -1.158622781087489 0.52200600409929165 -0.72012882868742045
decision_type=2 2 2 2 2 2 2 2 2 2 2 2 2 2 2 2 2 2 2 2 2 2 2 2 2 2
left_child=1 5 3 7 -5 23 -7 8 17 10 21 -8 -11 20 16 -16 25 18 -2 -18 -13 -9 -6 -1 -21 -15
right_child=2 -3 -4 4 22 6 11 9 -10 12 -12 13 -14 14 15 -17 19 -19 -20 24 -22 -23 -24 -25 -26 -27
leaf_value=-0.072229316856550138 0.04561386440992355 0.037500563035993015 0.10366856361428896 0.0254511807515071 0.10289599410913608 0.033119029575778593 0.014110674500465393 -0.01741001985691212 0.084189232907124933 -0.038152952864766124 0.065790616778863803 -0.032658250592648985 0.017165251603493324 -0.025991301605334648 -0.042180257747913223 -0.097905031032860287 -0.074327240080544449 0.056030623749379185 -0.0043023141594820246 -0.023005419702365481 0.0051812816723700496 0.018044748974257504 0.070041558676295815 -0.048096083817274676 -0.047430094099044799 -0.0019390081213070795
leaf_weight=46 25 34 30 39 27 31 25 27 28 40 36 48 26 26 29 32 33 31 43 29 31 29 27 46 25 26
leaf_count=46 25 34 30 39 27 31 25 27 28 40 36 48 26 26 29 32 33 31 43 29 31 29 27 46 25 26
internal_value=0.00171217 -0.029665 0.0371653 0.0318872 0.0608808 -0.0350131 -0.0281063 0.0224262 0.0397606 0.00849283 0.0263227 -0.0343497 -0.0163609 -0.038692 -0.0469404 -0.0714129 -0.0362007 0.0271949 0.0140492 -0.0494909 -0.0178098 0.000950485 0.0864688 -0.0601627 -0.0343131 -0.0139652
internal_weight=869 461 408 378 93 427 335 285 127 158 92 304 66 279 200 61 139 99 68 87 79 56 54 92 54 52
internal_count=869 461 408 378 93 427 335 285 127 158 92 304 66 279 200 61 139 99 68 87 79 56 54 92 54 52
is_linear=0
shrinkage=0.04


Tree=2
num_leaves=26
num_cat=0
split_feature=4 7 8 9 4 9 4 4 8 9 0 9 7 9 9 9 9 9 0 7 9 4 4 5 4
split_gain=556.814 95.3822 106.129 82.4895 81.4893 63.3341 59.7248 57.3921 50.7108 49.4241 39.649 40.3292 53.0656 32.2676 29.7502 27.7746 21.9652 12.9167 12.2115 11.1843 26.4644 9.10212 16.1471 8.30515 5.10186
threshold=-0.17201138818733452 0.85159745036652823 -0.63134183865453442 1.5970676199649756 -0.98809735515412911 -0.55305561176639195 1.1678312441462091 -0.63486611572074036 -0.63134183865453442 0.92515411004892301 -1.0000000180025095e-35 -0.41867290978318161 -0.90629464749658817 -0.82182101573281285 0.051666547158054986 1.2611108650069494 -1.2921604726740494 -0.14990750581676068 -1.0000000180025095e-35 -1.1992766638071075 -0.48586426077478684 -1.0489992929874719 -0.78103076652076331 1.0000000180025095e-35 0.26648256421273425
decision_type=2 2 2 2 2 2 2 2 2 2 2 2 2 2 2 2 2 2 2 2 2 2 2 2 2
left_child=1 2 4 6 -1 16 10 21 -8 -10 19 12 24 -6 -15 -13 -4 -9 -18 -2 -21 -7 -23 -22 -12
right_child=3 -3 5 -5 13 7 8 17 9 -11 11 15 -14 14 -16 -17 18 -19 -20 20 23 22 -24 -25 -26
leaf_value=-0.066503050050565171 0.018136096903772065 0.036000540482209013 -0.049942891812324523 0.099521821896235152 -0.030496558833122252 -0.060352607996840224 0.016673649970081545 -0.06595322352189284 0.042446601808071138 0.11391101147746667 -0.011600122871222321 -0.036626834943890574 0.06315899117125405 0.046531490243971352 4.0200735841478619e-05 0.016478642500363863 -0.021921208854764701 -0.10122577273327371 0.014605817331208124 0.074745943942107262 0.044130655843764542 -0.021444580688768502 -0.055243646630219051 0.014835621972878774 0.012562116528379505
leaf_weight=28 33 34 25 30 25 38 31 26 30 32 27 40 36 40 49 26 32 46 27 32 32 49 42 30 29
leaf_count=28 33 34 25 30 25 38 31 26 30 32 27 40 36 40 49 26 32 46 27 32 32 49 42 30 29
internal_value=0.00164368 -0.0284784 -0.0336125 0.0356787 -0.00536106 -0.0476887 0.0306117 -0.0598785 0.0584455 0.0793315 0.0215291 0.00815312 0.0252698 0.00965628 0.0209352 -0.0157065 -0.0185202 -0.0884885 -0.00520545 0.0381702 0.0452034 -0.0439102 -0.0370441 0.0299556 0.000912465
internal_weight=869 461 427 408 142 285 378 201 93 62 285 158 92 114 89 66 84 72 59 127 94 129 91 62 56
internal_count=869 461 427 408 142 285 378 201 93 62 285 158 92 114 89 66 84 72 59 127 94 129 91 62 56
is_linear=0
shrinkage=0.04


Tree=3
num_leaves=28
num_cat=0
split_feature=4 7 8 7 4 2 7 6 6 4 6 6 4 7 4 6 6 4 1 6 4 7 4 4 6 7 8
split_gain=514.454 101.111 88.9214 77.4241 72.9504 53.0966 62.6504 52.3655 50.344 38.7191 30.2317 47.12 20.8373 23.1892 58.797 22.8164 20.7079 15.9003 14.9757 14.8896 13.483 10.2029 15.6688 15.9286 10.0374 9.95364 7.85113
threshold=-0.086748675220654506 1.1445794666770477 -0.63134183865453442 -0.61331263118606871 -0.98809735515412911 -1.6916913147484629 1.4375614829875671 0.41619542800520609 -0.83438724912631701 -0.74448960382075746 0.52988476228989012 -0.37962991198758139 0.9851254306461803 -0.32033061487554942 0.022874812879362678 0.075127425151154323 -0.26594057770289742 -1.0489992929874719 1.0000000180025095e-35 -0.15225124341821353 0.71715690417947164 -1.4922586801176267 0.26648256421273425 0.5588118658127802 -0.49331924627226525 1.0000000180025095e-35 1.0000000180025095e-35
decision_type=2 2 2 2 2 2 2 2 2 2 2 2 2 2 2 2 2 2 2 2 2 2 2 2 2 2 2
left_child=1 2 4 7 -1 -2 12 8 -4 17 11 25 13 14 -7 -15 -11 -5 19 -14 -8 -16 -23 -24 -19 -6 -18
right_child=5 -3 3 9 10 6 20 -9 -10 16 -12 -13 18 15 21 -17 26 24 -20 -21 -22 22 23 -25 -26 -27 -28
leaf_value=-0.06384292811155319 0.092987848281860352 0.043320348402485255 0.0068323894909449994 -0.057938503654379588 -0.019329702079296112 0.081742147596982812 0.052040826906263826 0.032671423246120587 -0.066090300498586718 -0.051543597855294748 -0.019211761883713981 0.061808996895949049 0.069132727691105442 -0.023302605181400263 0.037742401289939879 0.025141456467764722 -0.072474439678823249 -0.0079094571697300876 0.015616742256614897 0.032236458795411246 0.092807247486931296 -0.014746213619907697 0.038681335628909221 -0.0029096171818673612 -0.040165397831887911 0.015697111410123331 -0.099862858526634443
leaf_weight=28 25 32 28 38 25 26 25 29 33 48 44 30 35 35 25 28 34 29 27 35 27 30 34 26 33 27 33
leaf_count=28 25 32 28 38 25 26 25 29 33 48 44 30 35 35 25 28 34 29 27 35 27 30 34 26 33 27 33
internal_value=0.00157794 -0.0254261 -0.0302189 -0.0427292 -0.00544201 0.0366546 0.032665 -0.01158 -0.0326176 -0.0557683 0.00753597 0.0218884 0.0256609 0.0184037 0.0274183 -0.00177191 -0.0715974 -0.037565 0.0409234 0.0506846 0.073208 0.0151364 0.00885699 0.0206586 -0.0250779 -0.0011427 -0.0859643
internal_weight=869 491 459 305 154 378 353 90 61 215 126 82 301 204 141 63 115 100 97 70 52 115 90 60 62 52 67
internal_count=869 491 459 305 154 378 353 90 61 215 126 82 301 204 141 63 115 100 97 70 52 115 90 60 62 52 67
is_linear=0
shrinkage=0.04


Tree=4
num_leaves=25
num_cat=0
split_feature=4 7 9 0 4 4 4 5 6 0 9 9 4 9 6 9 4 5 5 6 7 4 4 7
split_gain=474.137 81.7067 72.1825 51.906 56.7594 37.9322 68.625 34.4617 25.9867 26.7325 25.5352 23.2213 27.8447 26.0644 22.0327 19.1977 18.3195 14.3143 14.0308 12.3717 7.89049 7.18492 4.50031 1.36008
threshold=-0.17201138818733452 0.85159745036652823 1.5970676199649756 1.2485584126215263 1.1678312441462091 -0.98809735515412911 -0.91501502975411764 -0.71349052288507664 0.18881675943583826 -1.0000000180025095e-35 0.92515411004892301 -0.55305561176639195 -0.47652107735404886 0.051666547158054986 -0.26594057770289742 0.18604924914126547 0.22994140151272849 0.67499283280135014 1.0000000180025095e-35 0.98464209942862591 -0.32033061487554942 -1.158622781087489 -0.72012882868742045 -0.32033061487554942
decision_type=2 2 2 2 2 2 2 2 2 2 2 2 2 2 2 2 2 2 2 2 2 2 2 2
left_child=1 5 3 4 8 21 -7 -8 9 20 -6 17 14 -14 22 -16 -10 -9 -5 -18 -2 -1 -13 -11
right_child=2 -3 -4 18 10 6 7 11 16 23 -12 12 13 -15 15 -17 19 -19 -20 -21 -22 -23 -24 -25
leaf_value=-0.064961182708325599 0.039922046232535396 0.033396660369985245 0.092643096804618838 -0.026124125503260515 0.037870082136130696 0.031908414109099295 0.01442427476644516 -0.029920069115857283 0.059331019561399113 -0.0017535385387018323 0.084417074305767364 -0.023131923813086291 -0.036914568605094122 -0.089271555133163927 -0.063282643653625667 -0.025700273716991601 0.0086629107515468744 0.0049503651838148791 0.012894038140773775 0.043043630874770526 0.013448467603133571 -0.042604521772135862 0.00040281055065301746 -0.0141283204820421
leaf_weight=46 43 34 30 29 33 31 25 48 44 30 44 26 29 32 43 44 33 31 30 34 31 46 26 27
leaf_count=46 43 34 30 29 33 31 25 48 44 30 44 26 29 32 43 44 33 31 30 34 31 46 26 27
internal_value=0.00151482 -0.0262811 0.0329215 0.0281817 0.0345563 -0.031033 -0.0247853 -0.0305665 0.0250389 0.0129731 0.0644684 -0.034598 -0.0418507 -0.0643805 -0.0319635 -0.0442755 0.0392786 -0.0162367 -0.00628438 0.0261098 0.0288318 -0.0537829 -0.0113646 -0.00761528
internal_weight=869 461 408 378 319 427 335 304 242 131 77 279 200 61 139 87 111 79 59 67 74 92 52 57
internal_count=869 461 408 378 319 427 335 304 242 131 77 279 200 61 139 87 111 79 59 67 74 92 52 57
is_linear=0
shrinkage=0.04


Tree=5
num_leaves=27
num_cat=0
split_feature=4 9 9 8 9 4 4 9 5 0 5 4 5 9 5 9 4 9 4 0 9 4 4 8 5 4
split_gain=344.009 96.424 75.4972 77.6494 77.0986 49.7907 48.185 49.7884 43.9655 36.5951 32.3695 30.3152 28.8012 28.0302 23.6143 29.137 24.9645 19.9383 13.3871 12.9794 12.8519 7.20305 13.4746 9.81347 6.39664 3.43019
threshold=-0.17201138818733452 1.193919514015344 1.0595368120321338 -0.63134183865453442 -0.55305561176639195 1.4114389954795807 -0.96373658002079188 -0.82182101573281285 -0.71349052288507664 1.0000000180025095e-35 -0.25066273765626779 -0.59832495302073463 0.67499283280135014 -1.2249691216824441 -0.25066273765626779 -0.21709885680836591 0.68061574147946591 0.11885789814966023 0.71715690417947164 1.0000000180025095e-35 -0.48586426077478684 -0.78103076652076331 -1.1220816183874833 1.0000000180025095e-35 -1.1763183081138855 -0.69576805355408322
decision_type=2 2 2 2 2 2 2 2 2 2 2 2 2 2 2 2 2 2 2 2 2 2 2 2 2 2
left_child=2 5 3 6 19 12 -1 -8 -3 -9 -10 21 14 -7 16 -16 24 -13 -12 -5 -14 22 -6 -24 -2 -23
right_child=1 8 -4 4 11 13 7 9 10 -11 18 17 20 -15 15 -17 -18 -19 -20 -21 -22 25 23 -25 -26 -27
leaf_value=-0.04474210284823376 0.0092964348655480596 0.094781217042575874 0.04146172859347784 -0.020951431908390741 -0.05655894956418446 0.019919070228934289 -0.03928514173737279 0.04546851833255923 0.0037978602945804595 -0.0080839313933891918 0.038248063027858735 -0.053407491445541383 0.042670641435193828 0.079817815876007087 0.0080669992627870092 -0.039264624394152479 0.037469080036713016 -0.094119742042139964 0.077362679615616797 0.012234086827798323 0.0076971518363932083 -0.063320140838623043 -0.0048176712026962868 -0.039917076826095584 -0.017810644144813221 -0.042757989740371698
leaf_weight=37 26 34 26 44 28 25 27 49 26 35 28 39 40 25 38 46 36 38 28 33 29 27 26 25 30 25
leaf_count=37 26 34 26 44 28 25 27 49 26 35 28 39 40 25 38 46 36 38 28 33 29 27 26 25 30 25
internal_value=-0.000939797 0.0256412 -0.0247411 -0.0287163 -0.0409228 0.0134919 -0.00521038 0.00796686 0.056538 0.023155 0.040681 -0.0535811 0.00606813 0.0498684 -0.00251904 -0.0178527 0.0114812 -0.0734993 0.0578054 -0.00672907 0.0279716 -0.0418735 -0.0342638 -0.0220233 -0.00522521 -0.0534345
internal_weight=870 411 459 433 285 295 148 111 116 84 82 208 245 50 176 84 92 77 56 77 69 131 79 51 56 52
internal_count=870 411 459 433 285 295 148 111 116 84 82 208 245 50 176 84 92 77 56 77 69 131 79 51 56 52
is_linear=0
shrinkage=0.04


Tree=6
num_leaves=27
num_cat=0
split_feature=7 4 8 9 4 9 6 4 5 6 5 0 4 6 8 6 7 6 4 4 8 7 0 5 0 8
split_gain=322.933 180.772 65.2949 81.7489 41.4313 43.6912 41.0874 38.3542 39.4348 38.5108 38.4819 36.3187 30.6941 28.0672 26.4116 26.1786 21.1742 15.867 12.7392 14.5292 11.142 10.2265 8.40849 7.25068 9.34285 6.4813
threshold=1.1445794666770477 -0.12328983792066023 -0.63134183865453442 -0.55305561176639195 -0.96373658002079188 -0.82182101573281285 0.075127425151154323 1.4114389954795807 0.67499283280135014 -1.0617659176956848 -0.25066273765626779 1.0000000180025095e-35 -0.59832495302073463 1.0000000180025095e-35 1.0000000180025095e-35 -0.15225124341821353 -1.1992766638071075 0.75726343085925796 -0.78103076652076331 -0.51306224005405465 1.0000000180025095e-35 1.4375614829875671 -1.0000000180025095e-35 -0.71349052288507664 1.0000000180025095e-35 1.0000000180025095e-35
decision_type=2 2 2 2 2 2 2 2 2 2 2 2 2 2 2 2 2 2 2 2 2 2 2 2 2 2
left_child=1 2 4 16 -1 -6 18 8 9 -3 17 15 25 -10 23 -7 -4 -11 -5 -20 -12 -16 -18 -2 -25 -8
right_child=14 7 3 6 5 11 12 -9 13 10 20 -13 -14 -15 21 -17 22 -19 19 -21 -22 -23 -24 24 -26 -27
leaf_value=-0.042952418625354767 0.059043196050020362 0.040855196232979119 -0.03576381449699402 -0.015840347684346712 -0.037749633693269322 0.012986206066608431 -0.039093086065784578 0.045844446256975362 0.0017563606411791766 0.023089616764769998 -0.051695341110462326 -0.010346078147004183 -0.096817753732204428 0.055986657946093664 0.058669837760925291 0.070872791111469269 -0.0066860152358810109 -0.015196456580326475 -0.062532642977578295 -0.025818642474272673 -0.018047628003743387 0.094849830818176259 0.023519433181861352 0.021579458048567174 0.050835665452384181 -0.064208955798830306
leaf_weight=37 26 26 25 39 28 25 31 49 26 43 32 37 40 37 25 25 30 29 35 34 31 25 29 40 31 35
leaf_count=37 26 26 25 39 28 25 31 49 26 43 32 37 40 37 25 25 30 29 35 34 31 25 29 40 31 35
internal_value=-0.000902205 -0.0118909 -0.0274696 -0.0383516 -0.00613526 0.00571026 -0.0514774 0.0137883 0.00677605 -0.00372258 -0.0123079 0.0196974 -0.069169 0.0336059 0.0531442 0.0419295 -0.00491205 0.00766884 -0.0341134 -0.0444417 -0.0351385 0.0767598 0.00816073 0.0409712 0.0343533 -0.0524121
internal_weight=870 723 450 298 152 115 214 273 224 161 135 87 106 63 147 50 84 72 108 69 63 50 59 97 71 66
internal_count=870 723 450 298 152 115 214 273 224 161 135 87 106 63 147 50 84 72 108 69 63 50 59 97 71 66
is_linear=0
shrinkage=0.04


Tree=7
num_leaves=25
num_cat=0
split_feature=4 9 9 4 5 9 5 6 5 0 6 6 6 5 5 5 6 6 5 4 0 9 5 5
split_gain=292.271 82.4877 63.7178 48.0827 92.1286 28.4859 22.1898 36.7867 21.5872 18.0526 17.9749 38.4407 17.5895 16.8861 17.0811 13.6588 20.726 12.7369 37.1384 34.0308 18.1307 15.3329 15.6992 10.2046
threshold=-0.17201138818733452 1.3954935669901598 1.0595368120321338 1.4114389954795807 -0.25066273765626779 -0.55305561176639195 0.67499283280135014 -1.1754552519803687 -0.71349052288507664 -1.2485584126215259 -1.4028339205497364 -0.94807658341100087 1.0000000180025095e-35 0.67499283280135014 -0.25066273765626779 -0.25066273765626779 0.75726343085925796 0.52988476228989012 -0.25066273765626779 -0.59832495302073463 1.0000000180025095e-35 0.3876233021160812 0.67499283280135014 1.0000000180025095e-35
decision_type=2 2 2 2 2 2 2 2 2 2 2 2 2 2 2 2 2 2 2 2 2 2 2 2
left_child=2 3 5 6 -5 13 7 -2 -3 -9 -7 -12 -8 14 -1 16 -11 18 -13 20 -19 22 -20 -17
right_child=1 8 -4 4 -6 10 12 9 -10 15 11 17 -14 -15 -16 23 -18 19 21 -21 -22 -23 -24 -25
leaf_value=-0.004189993903992024 0.042506926078504571 0.088502954225386343 0.038014631214050146 -0.00038065075525082646 0.096373965201839329 -0.064848679364300693 0.0053354632986627303 0.025964744618535041 0.043251675979511156 0.01691396367115279 0.007907120005504505 0.0010946969751347887 0.043835272393947425 0.011029224917292595 -0.039998500949631519 -0.037725934499018898 -0.028000728893280029 -0.046054277122020724 -0.011966585776498241 -0.076547669987929487 -0.0053158944639666332 -0.067431817384702816 -0.053687097275698634 -0.0082141522896525109
leaf_weight=47 30 31 26 32 31 26 34 25 37 48 37 47 43 40 39 37 25 44 31 38 29 28 27 38
leaf_count=47 30 31 26 32 31 26 34 25 37 48 37 47 43 40 39 37 25 44 31 38 29 28 27 38
internal_value=-0.000866116 0.0236346 -0.0228047 0.0156557 0.0472288 -0.0264566 0.0085518 0.00161666 0.0638809 -0.00547414 -0.0330294 -0.0300852 0.0268354 -0.0104421 -0.0204287 -0.0107848 0.00153222 -0.0358464 -0.0274974 -0.0458501 -0.0298705 -0.0431233 -0.0313882 -0.0227733
internal_weight=870 411 459 343 63 433 280 203 68 173 307 281 77 126 86 148 73 244 133 111 73 86 58 75
internal_count=870 411 459 343 63 433 280 203 68 173 307 281 77 126 86 148 73 244 133 111 73 86 58 75
is_linear=0
shrinkage=0.04


Tree=8
num_leaves=28
num_cat=0
split_feature=7 4 8 9 4 9 0 4 0 4 7 9 4 0 9 7 4 4 0 4 8 0 4 4 0 9 4
split_gain=278.221 153.583 59.1157 71.8921 37.71 40.4603 33.8301 32.9876 25.0781 24.4088 24.2315 45.6818 26.0292 23.296 23.1236 19.4392 13.8768 12.1471 11.2291 10.7751 8.93876 8.00001 7.93355 7.89277 8.28294 4.58018 0.034999
threshold=1.1445794666770477 -0.12328983792066023 -0.63134183865453442 -0.55305561176639195 -0.96373658002079188 -0.82182101573281285 1.0000000180025095e-35 1.4114389954795807 -1.0000000180025095e-35 -0.78103076652076331 -0.32033061487554942 -1.0233950687076285 0.22994140151272849 1.0000000180025095e-35 1.4626849179817649 -1.1992766638071075 -0.59832495302073463 -1.1220816183874833 0.74913504757291582 0.69279612904613452 1.0000000180025095e-35 1.0000000180025095e-35 -0.47652107735404886 -0.64704650328740898 -1.0000000180025095e-35 1.4626849179817649 0.64407457877946017
decision_type=2 2 2 2 2 2 2 2 2 2 2 2 2 2 2 2 2 2 2 2 2 2 2 2 2 2 2
left_child=1 2 4 15 -1 -6 16 10 25 17 11 13 -13 19 26 -4 -7 -5 23 -3 -19 -12 -17 -11 -25 -2 -10
right_child=8 7 3 9 5 6 -8 -9 14 18 21 12 -14 -15 -16 22 -18 20 -20 -21 -22 -23 -24 24 -26 -27 -28
leaf_value=-0.040215591361393799 0.081238203900200978 -0.0049333702919206451 -0.033946726441383364 -0.051811107695102693 -0.035611864285809654 0.02005459177494049 -0.0093256031460053207 0.042367243058219248 0.018989116954803466 -0.048862178362905982 -0.0028855527639389039 0.067593570496116223 0.018077205933585038 -0.028273391302086805 0.059326247886607522 -0.0053335819020867347 0.062199871528148654 -0.0025484406260343701 -0.038633703940054949 0.030481926831934184 -0.035717030763626097 -0.032177587524056438 0.024108127921267791 -0.084281557427673806 -0.055749504654495803 0.058919589577182643 0.016872546291351317
leaf_weight=37 28 28 25 28 28 25 37 49 25 32 35 29 41 38 38 32 25 26 34 27 26 26 27 41 27 31 25
leaf_count=37 28 28 25 28 28 25 37 49 25 32 35 29 41 38 38 32 25 26 34 27 26 26 27 41 27 31 25
internal_value=-0.000831472 -0.0110311 -0.0253906 -0.0357448 -0.00509076 0.00621028 0.0196703 0.0126383 0.0493341 -0.0480539 0.00613507 0.0141832 0.0385911 -0.00418829 0.0358061 -0.00438599 0.0411272 -0.0305702 -0.0584919 0.0124523 -0.0191327 -0.0153707 0.00813974 -0.0652437 -0.0729527 0.0695115 0.0179308
internal_weight=870 723 450 298 152 115 87 273 147 214 224 163 70 93 88 84 50 80 134 55 52 61 59 100 68 59 50
internal_count=870 723 450 298 152 115 87 273 147 214 224 163 70 93 88 84 50 80 134 55 52 61 59 100 68 59 50
is_linear=0
shrinkage=0.04


Tree=9
num_leaves=27
num_cat=0
split_feature=7 9 8 9 9 9 8 6 9 9 0 9 0 0 8 6 9 9 9 6 0 7 0 9 0 0
split_gain=256.409 70.2331 68.9851 55.9369 28.0489 28.5916 24.2333 20.8086 29.7925 27.4765 18.5034 28.3126 31.8833 31.7239 35.319 32.9259 29.9109 18.4686 9.60275 8.44001 10.7398 8.20205 6.88639 4.94249 4.61365 14.6243
threshold=1.1445794666770477 -0.41867290978318161 -0.63134183865453442 0.92515411004892301 0.45481465310768643 1.0000000180025095e-35 1.0000000180025095e-35 0.075127425151154323 0.45481465310768643 -0.082716154825155472 -1.2485584126215259 -0.82182101573281285 -1.0000000180025095e-35 1.2485584126215263 1.0000000180025095e-35 0.18881675943583826 -1.4265431746572599 -0.62024696275799729 -1.157777770690839 -0.37962991198758139 -0.7491350475729156 1.4375614829875671 1.0000000180025095e-35 0.32043195112447598 1.0000000180025095e-35 -0.7491350475729156
decision_type=2 2 2 2 2 2 2 2 2 2 2 2 2 2 2 2 2 2 2 2 2 2 2 2 2 2
left_child=1 10 4 7 5 -3 24 19 9 -9 -1 13 -13 14 16 -16 -12 -14 -18 20 -4 -8 -6 -22 25 -2
right_child=6 2 3 -5 22 -7 21 8 -10 -11 11 12 17 -15 15 -17 18 -19 -20 -21 23 -23 -24 -25 -26 -27
leaf_value=-0.020563126131892203 0.04879800844651002 -0.0080792399495840071 -0.055122909120150977 0.011498847219504808 -0.004786475715892656 0.043553820655152606 0.053780772972106934 -0.03973792539909482 -0.025397896039776685 -0.088688950756954585 0.023306656164782388 -0.010775090029835701 0.066523619680000201 -0.03467905556833422 0.0052432186766104266 0.066100938802957532 -0.037632953087714582 0.020581344461866786 -0.0086445170023092405 -0.008728097081184388 -0.03550570319999348 0.086182361078262326 -0.033098840735576771 -0.012429226570659214 0.045078148696157665 0.0063726191108043374
leaf_weight=46 26 32 28 38 28 37 25 32 41 43 35 25 28 37 33 25 33 28 41 26 33 25 27 27 45 26
leaf_count=46 26 32 28 38 28 37 25 32 41 43 35 25 28 37 33 25 33 28 41 26 33 25 27 27 45 26
internal_value=-0.000798213 -0.0105899 -0.0220459 -0.0334599 0.00262311 0.0196081 0.0473608 -0.0408878 -0.0528151 -0.0678032 0.00297735 0.00677687 0.0267847 -0.00116743 0.00625731 0.031475 -0.00716128 0.0435525 -0.0215718 -0.0287513 -0.0346673 0.0699816 -0.0186853 -0.0251213 0.0357005 0.0275853
internal_weight=870 723 392 268 124 69 147 230 116 75 331 285 81 204 167 58 109 56 74 114 88 50 55 60 97 52
internal_count=870 723 392 268 124 69 147 230 116 75 331 285 81 204 167 58 109 56 74 114 88 50 55 60 97 52
is_linear=0
shrinkage=0.04


Tree=10
num_leaves=26
num_cat=0
split_feature=4 9 7 0 4 4 8 9 4 4 9 4 0 4 9 0 9 7 4 9 0 9 4 0 4
split_gain=287.673 94.618 78.4318 39.2842 42.2818 47.9132 25.8248 50.3494 49.5572 33.155 40.8497 30.6145 24.5792 21.151 17.3856 19.9263 13.8304 16.7688 15.4564 10.1046 10.0512 8.77595 21.9248 19.2485 2.34903
threshold=-0.086748675220654506 1.3954935669901598 1.1445794666770477 1.2485584126215263 1.1678312441462091 0.095957138279374146 -0.63134183865453442 -0.082716154825155472 -0.96373658002079188 -0.42779952708737462 0.32043195112447598 -0.69576805355408322 -1.0000000180025095e-35 0.87550194254616309 0.32043195112447598 -1.0000000180025095e-35 -1.2249691216824441 -0.61331263118606871 -0.68358766598741461 0.11885789814966023 -1.0000000180025095e-35 -0.48586426077478684 0.36392566474608284 -0.7491350475729156 0.5709922533794487
decision_type=2 2 2 2 2 2 2 2 2 2 2 2 2 2 2 2 2 2 2 2 2 2 2 2 2
left_child=2 3 6 4 5 -2 8 16 -1 10 11 -10 -6 -3 19 -16 -8 20 -19 -9 -18 23 -23 -7 -25
right_child=1 13 -4 -5 12 21 7 14 9 -11 -12 -13 -14 -15 15 -17 17 18 -20 -21 -22 22 -24 24 -26
leaf_value=-0.057115955703398759 0.049453849730103513 0.049838717404533835 0.039793529629707336 -0.019420901550187004 0.079053173621113484 0.035204520958941429 -0.044350983273983006 -0.051921184857686362 -0.035835262281554085 -0.029512921766120383 0.055234090256690981 0.023315383430038181 0.029095896396785975 0.098305207061767583 -0.017861457451795921 -0.056537400978676822 -0.015734809327125551 -0.0024914297103881835 -0.043671434902719089 -0.084591164035456523 0.01767593010383494 0.02138246245109118 -0.024225044983128705 -0.011359493936101596 0.0052422913759946821
leaf_weight=34 43 34 30 45 26 32 25 33 28 47 25 28 40 25 39 47 25 25 35 28 34 26 48 30 25
leaf_count=34 43 34 30 45 26 32 25 33 28 47 25 28 40 25 39 47 25 25 35 28 34 26 48 30 25
internal_value=-0.00244901 0.0238874 -0.022842 0.0151802 0.020947 0.0119435 -0.0269901 -0.034116 -0.0141898 -0.00278759 0.0127197 -0.00625994 0.048776 0.0703754 -0.0505837 -0.0389983 -0.0173052 -0.0116233 -0.0265131 -0.0669172 0.00351884 0.00192521 -0.00820079 0.0105381 -0.00381323
internal_weight=857 374 483 315 270 204 453 291 162 128 81 56 66 59 147 86 144 119 60 61 59 161 74 87 55
internal_count=857 374 483 315 270 204 453 291 162 128 81 56 66 59 147 86 144 119 60 61 59 161 74 87 55
is_linear=0
shrinkage=0.04


Tree=11
num_leaves=28
num_cat=0
split_feature=7 9 2 1 5 8 6 5 5 9 6 6 9 9 6 8 6 9 8 6 6 6 1 9 7 6 9
split_gain=245.957 101.096 63.4357 42.3971 44.27 37.7544 35.4826 31.225 30.1717 62.7963 27.9979 24.719 34.0191 24.238 23.8034 18.0186 11.3382 10.3439 9.80084 24.6351 23.0941 8.64268 6.76858 7.92653 6.65245 6.53684 3.48723
threshold=1.1445794666770477 -0.35148155879157633 1.0000000180025095e-35 1.0000000180025095e-35 -0.71349052288507664 -0.63134183865453442 -0.72069791484163315 0.67499283280135014 -0.25066273765626779 0.45481465310768643 -0.49331924627226525 0.41619542800520609 0.72358005707410744 -1.5609258766404703 0.87095276514394182 1.0000000180025095e-35 -0.60700858055694906 0.52200600409929165 1.0000000180025095e-35 0.98464209942862591 0.18881675943583826 -0.72069791484163315 1.0000000180025095e-35 -1.2921604726740494 0.26563341774548938 0.30250609372052223 -0.6874383137496024
decision_type=2 2 2 2 2 2 2 2 2 2 2 2 2 2 2 2 2 2 2 2 2 2 2 2 2 2 2
left_child=1 7 -3 4 -2 8 -6 13 9 -4 -9 12 15 -1 26 16 -7 -13 19 22 -20 -17 23 -15 -10 -8 -12
right_child=3 2 5 -5 6 11 25 10 24 -11 14 17 -14 18 -16 21 -18 -19 20 -21 -22 -23 -24 -25 -26 -27 -28
leaf_value=0.021770067282202765 0.10116840622254782 0.019033965676329857 0.0412551930196145 0.0092341385132227189 0.080907760285414188 -0.04088626154537859 0.038724302244186402 -0.0083397905219618866 -0.050559726909354882 -0.038868131596466592 0.055602428307456354 -0.072502294867596725 0.0097362903356552118 0.00036542942523956298 0.0025991853574911755 -0.041860807629731989 -0.077263301886045022 -0.042438902586698531 -0.019803628027439117 -0.052017591345523091 0.029962718522548677 -0.0095495705692856397 0.0083040527655528149 -0.029906815602894751 -0.021924508568644523 0.010583739876747131 0.036127928197383884
leaf_weight=41 28 43 34 39 26 29 25 41 27 29 31 47 25 25 30 26 26 30 37 28 25 27 26 31 25 28 28
leaf_count=41 28 43 34 39 26 29 25 41 27 29 31 47 25 25 30 26 26 30 37 28 25 27 26 31 25 28 28
internal_value=-0.00235105 -0.0120615 -0.0266234 0.0449377 0.0579511 -0.0326642 0.0426336 0.00356165 -0.0142411 0.00437303 0.01901 -0.042753 -0.032311 -0.00586693 0.0316094 -0.0420441 -0.0580827 -0.0607893 -0.0124548 -0.0196233 0.000263447 -0.0254004 -0.00856183 -0.0163924 -0.0367928 0.0238576 0.0463603
internal_weight=857 711 368 146 107 325 79 343 115 63 130 210 133 213 89 108 55 77 172 110 62 53 82 56 52 53 59
internal_count=857 711 368 146 107 325 79 343 115 63 130 210 133 213 89 108 55 77 172 110 62 53 82 56 52 53 59
is_linear=0
shrinkage=0.04


Tree=12
num_leaves=27
num_cat=0
split_feature=7 9 2 0 5 8 5 0 0 8 8 5 9 9 9 9 0 9 5 7 9 0 7 5 0 0
split_gain=226.674 93.1703 58.4624 39.0732 40.7993 34.7944 28.777 31.0197 38.4946 48.2613 27.8515 27.8062 57.8731 24.807 17.3886 9.94953 14.1544 15.3909 14.9673 6.13089 5.95441 5.67164 4.51887 2.30972 2.00265 0.201144
threshold=1.1445794666770477 -0.35148155879157633 1.0000000180025095e-35 0.74913504757291582 -0.71349052288507664 -0.63134183865453442 0.67499283280135014 1.2485584126215263 0.74913504757291582 -0.63134183865453442 1.0000000180025095e-35 -0.25066273765626779 0.45481465310768643 -0.6874383137496024 0.72358005707410744 -0.082716154825155472 1.0000000180025095e-35 0.32043195112447598 -0.25066273765626779 0.26563341774548938 -0.55305561176639195 -1.0000000180025095e-35 -1.1992766638071075 1.1378206180301593 -0.7491350475729156 -1.0000000180025095e-35
decision_type=2 2 2 2 2 2 2 2 2 2 2 2 2 2 2 2 2 2 2 2 2 2 2 2 2 2
left_child=1 6 -3 4 -2 11 7 8 9 -1 25 12 -4 23 15 -7 17 -17 -18 -13 -15 -16 24 -8 -11 -6
right_child=3 2 5 -5 10 14 13 -9 -10 22 -12 19 -14 20 21 16 18 -19 -20 -21 -22 -23 -24 -25 -26 -27
leaf_value=-0.045165554882231645 0.09712166864957128 0.018272606869076575 0.039604984048534846 0.0088647720905450679 0.021420415419119373 -0.029596191161387675 0.048677844119071959 -0.044082500359107712 0.039564385143193333 0.0039269932436531993 0.073888484857700484 -0.048537335572419349 -0.037313406570204377 -0.010209285586044706 -0.0073844960212707525 -0.059990911027964423 -0.046272006201744084 -0.021643756050052067 -0.088853414271559045 -0.021047528481483457 0.012573617792129517 -0.033596677652427125 -0.0048366876019210348 0.031649679080224952 0.017732673171907663 0.026399659323692322
leaf_weight=41 28 43 34 39 27 37 25 29 33 29 27 27 29 29 25 34 25 33 28 25 50 28 41 26 40 25
leaf_count=41 28 43 34 39 27 37 25 29 33 29 27 27 29 29 25 34 25 33 28 25 50 28 41 26 40 25
internal_value=-0.00225701 -0.0115791 -0.0255584 0.0431402 0.0556331 -0.0313576 0.00341918 -0.00563225 0.00042784 -0.00812518 0.0409283 -0.0136714 0.00419811 0.0182496 -0.0410429 -0.0477305 -0.0533219 -0.0411035 -0.0687678 -0.0353211 0.00421027 -0.0212324 0.00568078 0.0399968 0.0119303 0.0238143
internal_weight=857 711 368 146 107 325 343 213 184 151 79 115 63 130 210 157 120 67 53 52 79 53 110 51 69 52
internal_count=857 711 368 146 107 325 343 213 184 151 79 115 63 130 210 157 120 67 53 52 79 53 110 51 69 52
is_linear=0
shrinkage=0.04


Tree=13
num_leaves=27
num_cat=0
split_feature=4 7 7 4 5 4 0 8 4 7 5 4 4 6 4 5 4 6 6 6 7 4 6 4 6 6
split_gain=238.239 76.3275 61.4125 37.3177 49.321 25.6189 25.009 20.3837 43.6094 30.5201 30.8891 29.9014 31.128 22.6667 22.6733 14.3427 13.5511 21.5272 9.39053 9.55918 19.283 15.6088 5.60104 1.86143 0.675002 0.352457
threshold=-0.086748675220654506 1.4375614829875671 1.1445794666770477 1.1678312441462091 0.67499283280135014 0.14467868854604846 -1.0000000180025095e-35 -0.63134183865453442 -0.96373658002079188 -0.61331263118606871 1.0000000180025095e-35 -0.42779952708737462 -0.69576805355408322 0.30250609372052223 -0.59832495302073463 -0.25066273765626779 -0.79321115408743181 -0.37962991198758139 -1.0617659176956848 0.52988476228989012 -1.1992766638071075 0.38828643987942002 -0.37962991198758139 -0.86629347948744329 -0.60700858055694906 -1.0617659176956848
decision_type=2 2 2 2 2 2 2 2 2 2 2 2 2 2 2 2 2 2 2 2 2 2 2 2 2 2
left_child=2 3 7 4 18 -6 -5 8 -1 10 -9 12 -10 16 23 -8 24 25 -2 20 -20 -21 -22 -15 -11 -18
right_child=1 -3 -4 6 5 -7 15 9 11 13 -12 -13 -14 14 -16 -17 17 -19 19 21 22 -23 -24 -25 -26 -27
leaf_value=-0.05329127775395618 0.017547531679824546 0.068892926182597874 0.034699621955553692 0.068075026191514121 0.068152786111831662 0.017232498467661613 0.042290558958495109 -0.031912679012785564 -0.012092947131249962 -0.0084602073607621363 0.016947240426733689 -0.027707455275540655 0.037504167050123216 -0.048250518369674679 -0.085565736735308623 0.00066641509532928468 -0.057511071184506782 -0.0089391796112060547 0.010587712342922504 0.02801408565342426 -0.045230576533079152 -0.01140598067972395 -0.019182053314788002 -0.033103287220001221 -0.0175816246509552 -0.050859232807159427
leaf_weight=34 27 48 30 29 25 43 27 47 41 27 37 47 40 25 27 26 26 25 26 25 25 45 28 27 25 25
leaf_count=34 27 48 30 29 25 43 27 47 41 27 37 47 40 25 27 26 26 25 26 25 25 45 28 27 25 25
internal_value=-0.00216673 0.0218003 -0.020725 0.0148664 0.00702091 0.0359532 0.0382116 -0.0243956 -0.0130234 -0.0307264 -0.010391 -0.0023273 0.0123995 -0.0389785 -0.0558269 0.0218712 -0.0285798 -0.0393454 -0.00415747 -0.00809059 -0.0176276 0.00267261 -0.0314691 -0.0403856 -0.0128455 -0.0542504
internal_weight=857 374 483 326 244 68 82 453 162 291 84 128 81 207 79 53 128 76 176 149 79 70 53 52 52 51
internal_count=857 374 483 326 244 68 82 453 162 291 84 128 81 207 79 53 128 76 176 149 79 70 53 52 52 51
is_linear=0
shrinkage=0.04


Tree=14
num_leaves=26
num_cat=0
split_feature=4 7 7 0 4 4 4 7 9 9 9 5 4 4 7 0 4 0 5 4 6 6 6 4 4
split_gain=219.561 70.3434 56.5977 35.8252 44.2653 35.8931 18.4568 23.3274 30.734 26.0041 41.594 16.1807 38.3176 12.9139 15.9058 12.7261 18.6108 36.658 16.1722 12.6502 11.4154 10.4298 2.62463 1.54881 0.0320623
threshold=-0.086748675220654506 1.4375614829875671 1.1445794666770477 1.2485584126215263 1.6124153903296121 0.095957138279374146 -1.0489992929874719 0.55861543405600889 0.72358005707410744 0.32043195112447598 0.11885789814966023 -0.25066273765626779 1.0216665933461864 0.42482760257942576 -0.61331263118606871 1.2485584126215263 -0.78103076652076331 0.74913504757291582 1.1378206180301593 -1.2804266567541747 0.18881675943583826 -0.94807658341100087 0.075127425151154323 0.60144322229612024 -0.43997991465404318
decision_type=2 2 2 2 2 2 2 2 2 2 2 2 2 2 2 2 2 2 2 2 2 2 2 2 2
left_child=2 3 6 4 5 -2 19 9 -9 10 15 12 23 -13 -15 16 -8 18 20 -1 21 -18 -16 -7 -20
right_child=1 -3 -4 -5 -6 11 7 8 -10 -11 -12 13 -14 14 22 -17 17 -19 24 -21 -22 -23 -24 -25 -26
leaf_value=-0.018993608836944287 0.045664703834865414 0.066137207678208756 0.033311636169751482 -0.018863671825991739 0.057988850081839217 -0.006712561364357288 0.016662708073854445 -0.068734449933875688 -0.015292096402910021 0.015404071013132733 -0.059564549757374657 0.014539293669164182 0.059421893381155451 0.011836681641065157 -0.017570856297016144 -0.034904327360359401 -0.02809278522546475 0.027370062028920211 -0.0067200162410736087 -0.053512336848949904 -0.015642352439463138 -0.063921156686085917 -0.035899880075454714 0.006845268128173692 -0.0046941905617713933
leaf_weight=26 44 48 30 45 41 26 36 33 36 39 36 40 26 26 25 37 26 27 25 49 32 26 25 28 25
leaf_count=26 44 48 30 45 41 26 36 33 36 39 36 40 26 26 25 37 26 27 25 49 32 26 25 28 25
internal_value=-0.00208006 0.0209283 -0.019896 0.0142718 0.0195781 0.0130163 -0.0234197 -0.0198233 -0.0408515 -0.0151277 -0.0195378 0.00568708 0.0195264 -0.00385727 -0.0135397 -0.0133798 -0.00933718 -0.0151508 -0.0237185 -0.0415458 -0.0344395 -0.046007 -0.0267354 0.000317424 -0.0057071
internal_weight=857 374 483 326 281 240 453 378 69 309 270 196 80 116 76 234 197 161 134 75 84 52 50 54 50
internal_count=857 374 483 326 281 240 453 378 69 309 270 196 80 116 76 234 197 161 134 75 84 52 50 54 50
is_linear=0
shrinkage=0.04


Tree=15
num_leaves=27
num_cat=0
split_feature=4 7 8 4 8 5 4 4 4 6 8 6 1 7 5 4 7 6 4 6 7 6 4 6 4 7
split_gain=181.402 85.911 39.854 32.8959 47.5976 38.7704 27.9496 52.868 27.108 26.882 17.8283 17.2258 40.5092 38.9161 23.273 19.8362 14.7123 12.4583 10.225 9.65904 8.65329 14.5309 24.0755 7.30783 4.5894 0.963831
threshold=-0.12328983792066023 1.1445794666770477 -0.63134183865453442 1.0216665933461864 1.0000000180025095e-35 0.67499283280135014 -0.40343875195403744 -0.63486611572074036 1.7281290722129634 -0.37962991198758139 -0.63134183865453442 0.075127425151154323 1.0000000180025095e-35 -0.61331263118606871 -0.25066273765626779 -0.59832495302073463 1.4375614829875671 1.0000000180025095e-35 -0.47652107735404886 0.75726343085925796 -1.4922586801176267 0.52988476228989012 0.14467868854604846 -0.83438724912631701 0.44918837771276293 0.85159745036652823
decision_type=2 2 2 2 2 2 2 2 2 2 2 2 2 2 2 2 2 2 2 2 2 2 2 2 2 2
left_child=1 2 6 5 8 16 7 9 10 -1 -5 12 14 -13 -4 19 20 -7 23 -15 -2 22 -22 -16 -23 -24
right_child=3 -3 11 4 -6 17 -8 -9 -10 -11 -12 13 -14 15 18 -17 -18 -19 -20 -21 21 24 25 -25 -26 -27
leaf_value=-0.036800293210479944 0.017412119694054127 0.043001776627131873 -0.06264791935682297 0.063349162076528256 0.077818391395337652 0.017058215980176573 -0.035580212978853124 0.053670850749369024 -0.0051763761374685503 0.0089252500794827945 0.016040178245306017 -0.0055545839103492535 0.011801785895990772 -0.023667575367565811 0.00031218334039052328 -0.078949926296869921 0.026636763133785945 0.05240473181773455 -0.042994123569556647 -0.053987104855477808 -0.05033201402425766 0.021719808894395828 -0.0078092355068240847 -0.027167666368186474 -0.0022832355247094081 0.0029963754892349242
leaf_weight=36 28 35 32 26 33 27 36 27 36 48 25 37 43 29 30 33 33 39 28 40 25 25 28 32 26 25
leaf_count=36 28 35 32 26 33 27 36 27 36 48 25 37 43 29 30 33 33 39 28 40 25 25 28 32 26 25
internal_value=-0.00122817 -0.0173681 -0.0220532 0.0196336 0.0369145 0.0115332 -0.00495356 0.00497941 0.0213992 -0.0106714 0.0401585 -0.0303217 -0.0215824 -0.0406958 -0.0333489 -0.0534431 0.0023586 0.0379448 -0.0229315 -0.0412441 -0.00274445 -0.00711952 -0.017975 -0.013871 0.00948296 -0.00271225
internal_weight=862 486 451 376 120 256 147 111 87 84 51 304 165 139 122 102 190 66 90 69 157 129 78 62 51 53
internal_count=862 486 451 376 120 256 147 111 87 84 51 304 165 139 122 102 190 66 90 69 157 129 78 62 51 53
is_linear=0
shrinkage=0.04


Tree=16
num_leaves=27
num_cat=0
split_feature=4 7 8 9 4 9 5 3 4 4 4 6 9 9 0 4 4 6 4 4 6 9 6 4 4 9
split_gain=167.18 79.1756 36.7295 35.0586 52.701 31.3861 44.7016 40.3833 38.4893 25.7584 48.7231 24.7745 16.8503 16.3673 26.9607 26.4453 31.8959 23.7439 18.1083 16.2788 12.2535 17.5276 8.49424 5.55163 4.70316 1.3245
threshold=-0.12328983792066023 1.1445794666770477 -0.63134183865453442 1.3954935669901598 0.65625496634612879 -1.5609258766404703 0.67499283280135014 1.0000000180025095e-35 0.99730581821284892 -0.40343875195403744 -0.63486611572074036 -0.37962991198758139 -0.41867290978318161 -0.14990750581676068 -1.2485584126215259 -0.43997991465404318 -0.70794844112075184 -0.49331924627226525 -0.98809735515412911 1.3505370576462379 -0.37962991198758139 -1.0233950687076285 0.87095276514394182 -0.80539154165410043 0.35174527717941434 0.3876233021160812
decision_type=2 2 2 2 2 2 2 2 2 2 2 2 2 2 2 2 2 2 2 2 2 2 2 2 2 2
left_child=1 2 9 5 -5 -2 7 8 20 10 11 -1 -8 14 -4 16 -16 23 -19 -10 -7 -22 25 -15 -23 -20
right_child=3 -3 13 4 -6 6 12 -9 19 -11 -12 -13 -14 17 15 -17 -18 18 22 -21 21 24 -24 -25 -26 -27
leaf_value=-0.035328280735347002 0.051021708317566666 0.041281704289572584 -0.056419696855545043 0.0062411398227725711 0.080851368615121544 -0.041353554062545303 0.050060288129995273 0.041224606749601662 0.042262503448128701 -0.034157005224066478 0.051524016426669227 0.008568240652481714 0.0095621500253677376 -0.0022561923980712892 -0.017342080917469291 -0.036055801379971386 0.037516382634639737 -0.023389656512123165 -0.042348657178878785 0.0011164594441652298 -0.03820490768977574 -0.010944777880981565 -0.076376248683248257 -0.027590754199773075 0.013590995556116104 -0.055369262123107915
leaf_weight=36 32 35 25 28 33 35 48 32 25 36 27 48 25 25 43 41 28 33 25 40 28 25 28 31 25 25
leaf_count=36 32 35 25 28 33 35 48 32 25 36 27 48 25 25 43 41 28 33 25 40 28 25 28 31 25 25
internal_value=-0.00117904 -0.0166734 -0.021171 0.0188482 0.0466041 0.0134733 0.00922756 -0.000145467 -0.00758278 -0.00475542 0.00478023 -0.0102446 0.0361911 -0.0291089 -0.0188615 -0.010478 0.00429224 -0.0375153 -0.0482283 0.0169419 -0.0216899 -0.0128664 -0.058737 -0.0162807 0.00132311 -0.048859
internal_weight=862 486 451 376 61 315 283 210 178 147 111 84 73 304 137 112 71 167 111 65 113 78 78 56 50 50
internal_count=862 486 451 376 61 315 283 210 178 147 111 84 73 304 137 112 71 167 111 65 113 78 78 56 50 50
is_linear=0
shrinkage=0.04


Tree=17
num_leaves=25
num_cat=0
split_feature=4 7 8 4 8 5 0 4 4 4 6 6 6 8 6 0 7 5 4 7 6 4 6 0
split_gain=154.073 72.9682 33.8499 28.0431 43.3981 32.7029 40.1485 24.5905 23.7389 44.9032 22.8322 17.9226 22.4421 16.137 14.6662 36.7035 34.3315 21.0786 17.939 11.6068 11.4968 8.96459 8.48969 7.30826
threshold=-0.12328983792066023 1.1445794666770477 -0.63134183865453442 1.0216665933461864 1.0000000180025095e-35 0.67499283280135014 -1.0000000180025095e-35 1.7281290722129634 -0.40343875195403744 -0.63486611572074036 -0.37962991198758139 -0.37962991198758139 0.98464209942862591 -0.63134183865453442 0.075127425151154323 0.74913504757291582 -0.61331263118606871 -0.25066273765626779 -0.59832495302073463 0.26563341774548938 1.0000000180025095e-35 -0.47652107735404886 0.75726343085925796 -0.7491350475729156
decision_type=2 2 2 2 2 2 2 2 2 2 2 2 2 2 2 2 2 2 2 2 2 2 2 2
left_child=1 2 8 5 7 6 19 13 9 10 -1 -8 -13 -5 15 17 -16 -4 22 -2 -7 23 -18 -19
right_child=3 -3 14 4 -6 20 11 -9 -10 -11 -12 12 -14 -15 16 -17 18 21 -20 -21 -22 -23 -24 -25
leaf_value=-0.033915149594346682 0.0065901060816314482 0.039630436113902497 -0.058964291103184227 0.059164900682293457 0.073107491500224123 0.01480783842228077 -0.038276434238209867 -0.0060767757644255961 -0.032790724411606791 0.049463055997535033 0.0082255104929208761 0.015067414921191005 -0.029162041160368149 0.014155900049209596 -0.0045104120550928887 0.011896769747484562 -0.021410516125374826 -0.025979982241988182 -0.073746112765687877 0.03706207899252574 0.048763032616713109 -0.039952032640576361 -0.049835581420455126 0.0015006867448488872
leaf_weight=36 36 35 32 26 33 27 33 36 36 27 48 45 31 25 37 43 29 32 33 45 39 28 40 30
leaf_count=36 36 35 32 26 33 27 33 36 36 27 48 45 31 25 37 43 29 32 33 45 39 28 40 30
internal_value=-0.00113188 -0.0160065 -0.0203242 0.0180943 0.0340497 0.0106152 0.00218908 0.0192347 -0.0045652 0.00458902 -0.00983477 -0.0136616 -0.00297355 0.0371017 -0.0279445 -0.0198806 -0.0375168 -0.0310808 -0.0494897 0.023519 0.0348723 -0.0211666 -0.0378888 -0.0126829
internal_weight=862 486 451 376 120 256 190 87 147 111 84 109 76 51 304 165 139 122 102 81 66 90 69 62
internal_count=862 486 451 376 120 256 190 87 147 111 84 109 76 51 304 165 139 122 102 81 66 90 69 62
is_linear=0
shrinkage=0.04


Tree=18
num_leaves=24
num_cat=0
split_feature=4 9 9 4 9 5 2 4 4 0 0 9 6 9 9 6 6 4 9 9 6 4 4
split_gain=141.993 63.9141 32.3148 47.5072 29.4281 39.2041 49.8127 30.9327 19.8973 22.8882 22.4704 46.8913 35.2179 15.3504 14.4685 17.5804 15.5146 12.9911 12.6276 10.855 17.1122 8.42826 8.24429
threshold=-0.12328983792066023 1.1267281630237389 1.3954935669901598 0.65625496634612879 -1.5609258766404703 0.67499283280135014 1.0000000180025095e-35 1.0338469809128548 -0.40343875195403744 1.0000000180025095e-35 -1.0000000180025095e-35 -0.75462966474120774 1.0000000180025095e-35 -0.41867290978318161 -0.48586426077478684 0.41619542800520609 -0.37962991198758139 1.4784311270962578 1.0000000180025095e-35 -1.157777770690839 0.18881675943583826 -0.24509371358734597 -0.91501502975411764
decision_type=2 2 2 2 2 2 2 2 2 2 2 2 2 2 2 2 2 2 2 2 2 2 2
left_child=1 8 4 -4 -2 6 -6 19 10 21 14 -12 18 -7 -1 16 -16 -9 -13 -8 -21 -10 -14
right_child=2 -3 3 -5 5 13 7 17 9 -11 11 12 22 -15 15 -17 -18 -19 -20 20 -22 -23 -24
leaf_value=-0.04605086758289309 0.048568548807634219 0.035919369690948062 0.0056956782298428679 0.076534065653880434 0.047040768692890804 0.046587727529307205 -0.040656838128343226 0.034273299010736599 -0.033602052479982374 -0.055865801857865383 0.03421769196265622 -0.016808860403086458 -0.016872079124053318 0.0079340480804443361 -0.0200020117784033 -0.039320943880648843 0.018721800351142882 -0.0022811556032725742 0.01740449967649248 -0.029849689287923115 0.0061675814940379218 -0.0033611046274503072 -0.044399371966719628
leaf_weight=42 32 36 28 33 30 48 32 28 29 46 38 28 27 25 49 42 25 35 45 46 39 30 49
leaf_count=42 32 36 28 33 30 48 32 28 29 46 38 28 27 25 49 42 25 35 45 46 39 30 49
internal_value=-0.00108661 -0.0153662 0.0173705 0.0440181 0.0122102 0.00809904 -0.000678733 -0.00863198 -0.0194691 -0.0347154 -0.0148289 -0.00544539 -0.0155608 0.0333502 -0.0259346 -0.0186511 -0.00691964 0.0139653 0.00428157 -0.0207997 -0.0133241 -0.0182253 -0.0346199
internal_weight=862 486 376 61 315 283 210 180 450 105 345 187 149 73 158 116 74 63 73 117 85 59 76
internal_count=862 486 376 61 315 283 210 180 450 105 345 187 149 73 158 116 74 63 73 117 85 59 76
is_linear=0
shrinkage=0.04


Tree=19
num_leaves=26
num_cat=0
split_feature=4 9 9 5 4 0 4 4 4 4 0 0 9 6 9 6 9 5 4 4 4 9 4 4 6
split_gain=130.861 58.9033 29.8278 30.7673 37.3467 30.9511 30.8386 19.0337 18.3374 22.2914 21.0938 15.5721 29.6147 26.6686 27.9593 14.6855 12.0277 12.6292 9.66836 23.2812 9.5693 9.04267 8.06068 7.76749 5.62759
threshold=-0.12328983792066023 1.1267281630237389 1.5970676199649756 0.67499283280135014 1.0338469809128548 -1.0000000180025095e-35 1.3018155073795634 0.19340023881272278 -0.40343875195403744 -0.52524262762072316 1.0000000180025095e-35 -1.0000000180025095e-35 -0.9562037177160233 1.0000000180025095e-35 1.0000000180025095e-35 -0.15225124341821353 -0.62024696275799729 -0.25066273765626779 0.64407457877946017 0.19340023881272278 -0.91501502975411764 -0.6874383137496024 0.64407457877946017 -0.24509371358734597 -0.37962991198758139
decision_type=2 2 2 2 2 2 2 2 2 2 2 2 2 2 2 2 2 2 2 2 2 2 2 2 2
left_child=1 8 3 4 5 18 -6 -7 9 11 23 16 -13 14 -14 -8 -1 -18 19 -2 -15 -5 -9 -10 -19
right_child=2 -3 -4 21 6 7 15 22 10 -11 -12 12 13 20 -16 -17 17 24 -20 -21 -22 -23 -24 -25 -26
leaf_value=-0.052871205371159774 -0.0016196863844990732 0.034482595092720454 0.058890120589733128 0.054906209442350598 0.063370384952243133 0.0050240946199212756 0.03098258166439145 -0.043759846046969697 -0.032257970133475186 0.011686703614566639 -0.053631169205005075 0.029118310488187353 -0.028581173078667733 -0.016197195814715491 0.022029404371976851 -0.0044206443106805954 -0.003656815515982138 -0.044553283439441163 -0.0043976550377332248 0.052969645047187805 -0.046580366478409879 0.025970338806509972 -0.014697632491588593 -0.003226658940315247 -0.02168478841582934
leaf_weight=26 25 36 25 27 27 35 38 37 29 46 46 26 31 27 40 37 37 33 26 25 43 48 26 30 36
leaf_count=26 25 36 25 27 27 35 38 37 29 46 46 26 31 27 40 37 37 33 26 25 43 48 26 30 36
internal_value=-0.00104314 -0.0147516 0.0166757 0.013669 0.00749556 -0.00377011 0.0267135 -0.0186266 -0.0186903 -0.0142357 -0.0333268 -0.0182238 -0.010108 -0.0173413 -6.81717e-05 0.013517 -0.0284914 -0.0225114 0.015387 0.025675 -0.0348611 0.0363873 -0.0317659 -0.0174963 -0.0326219
internal_weight=862 486 376 351 276 174 102 98 450 345 105 299 167 141 71 75 132 106 76 50 70 75 63 59 69
internal_count=862 486 376 351 276 174 102 98 450 345 105 299 167 141 71 75 132 106 76 50 70 75 63 59 69
is_linear=0
shrinkage=0.04


Tree=20
num_leaves=26
num_cat=0
split_feature=9 4 6 4 6 9 4 9 9 0 9 4 4 6 5 6 4 0 9 4 0 6 9 6 9
split_gain=150.015 55.2025 39.9055 30.5807 28.6316 48.1302 26.9366 22.8921 49.3383 43.9352 29.8491 26.8276 25.4453 20.4516 16.1295 11.2553 10.0824 13.8861 8.98596 8.55708 8.0239 17.5598 7.09307 6.16487 5.1667
threshold=1.1267281630237389 -0.12328983792066023 1.3257101022826776 0.022874812879362678 -0.83438724912631701 1.3954935669901598 1.502791902229595 0.051666547158054986 0.32043195112447598 -0.7491350475729156 0.58919735509089699 -1.1220816183874833 -0.80539154165410043 0.64357409657457409 -0.71349052288507664 0.18881675943583826 0.69279612904613452 1.0000000180025095e-35 -0.55305561176639195 -0.76885037895409469 1.0000000180025095e-35 0.075127425151154323 -0.55305561176639195 0.075127425151154323 0.72358005707410744
decision_type=2 2 2 2 2 2 2 2 2 2 2 2 2 2 2 2 2 2 2 2 2 2 2 2 2
left_child=1 7 3 -3 -2 -6 13 9 19 18 23 -11 -13 15 -7 16 17 -5 -1 -9 22 -22 -14 -10 -12
right_child=4 2 -4 6 5 14 -8 8 10 11 24 12 20 -15 -16 -17 -18 -19 -20 -21 21 -23 -24 -25 -26
leaf_value=-0.018556454324108712 0.071504834276257145 0.034347132571041585 0.049041891869376686 -0.0021516819881095038 -0.00014931846857070923 0.071102547702543872 0.032024764269590375 -0.040521699267048988 0.025389187126247971 -0.033780155886824315 -0.040009176957030448 0.043198570529619847 -0.001302572011947632 -0.037044284427538515 0.030495410931521447 0.021184068489074708 0.0057142417288796842 -0.042219237875938412 -0.047042431650129529 -0.070750340819358826 0.010385134249198727 -0.02988619089126587 0.028265765154803241 -0.0021766784191131591 -0.018252887219190599
leaf_weight=34 33 40 34 31 50 34 28 31 27 26 31 30 25 36 29 25 43 25 37 29 41 30 27 25 40
leaf_count=34 33 40 34 31 50 34 28 31 27 26 31 30 25 36 29 25 43 25 37 29 41 30 27 25 40
internal_value=0.00186724 -0.00587583 0.00861656 0.00258823 0.0387264 0.0291539 -0.00416899 -0.0146449 -0.0253948 -0.006776 -0.0108887 0.00378486 0.0101685 -0.0105029 0.0524104 -0.00279733 -0.00885324 -0.020039 -0.0334013 -0.0551322 0.00211233 -0.00663092 0.0140502 0.0121364 -0.0277521
internal_weight=841 695 262 228 146 113 188 433 183 250 123 179 153 160 63 124 99 56 71 60 123 71 52 52 71
internal_count=841 695 262 228 146 113 188 433 183 250 123 179 153 160 63 124 99 56 71 60 123 71 52 52 71
is_linear=0
shrinkage=0.04


Tree=21
num_leaves=25
num_cat=0
split_feature=7 2 9 0 4 7 4 4 4 9 9 0 9 4 0 9 0 0 0 4 4 9 5 4
split_gain=171.366 51.6841 51.9586 40.7613 23.0999 39.3771 48.2519 20.9008 40.7196 23.6744 25.7956 38.3821 20.9409 25.1114 12.0113 10.3469 22.2754 8.82902 8.42671 6.87351 8.75892 6.30599 11.0287 5.03208
threshold=1.1445794666770477 -1.6916913147484629 -0.41867290978318161 0.74913504757291582 -0.22073293845400885 -0.90629464749658817 0.071596363146036998 -1.1220816183874833 -0.93937580488745476 0.32043195112447598 0.051666547158054986 -0.7491350475729156 0.58919735509089699 0.68061574147946591 -0.7491350475729156 -1.5609258766404703 1.0000000180025095e-35 1.0000000180025095e-35 1.0000000180025095e-35 0.9851254306461803 0.16903946367938563 -0.82182101573281285 -0.71349052288507664 0.66843535391279729
decision_type=2 2 2 2 2 2 2 2 2 2 2 2 2 2 2 2 2 2 2 2 2 2 2 2
left_child=1 -1 4 19 14 15 -7 -4 -9 10 11 -10 -11 18 -3 -6 23 -13 -14 20 -2 22 -16 -17
right_child=3 2 7 -5 5 6 -8 8 9 12 -12 17 13 -15 21 16 -18 -19 -20 -21 -22 -23 -24 -25
leaf_value=0.047953248995321766 0.063880828125723474 -0.029702936972890583 -0.043595536293343028 0.0078490711823105807 0.018294214407183432 0.079004793785236491 0.0046976811310340616 0.021674588065195299 -0.056675226772204046 0.018643010818597042 -0.059609933018684391 0.015072148178632443 -0.019672908841109858 0.0086195529860101251 0.010139195680618288 -0.0014875720441341401 -0.030266294244088627 -0.015700185039213724 -0.047309372559670479 0.069282238845889632 0.03415443359102522 0.01288972512880961 -0.025318814972415567 0.022811215472221376
leaf_weight=27 29 35 47 40 37 27 29 42 32 33 40 26 41 38 25 30 38 35 31 37 35 30 32 25
leaf_count=27 29 35 47 40 37 27 29 42 32 33 40 26 41 38 25 30 38 35 31 37 35 30 32 25
internal_value=0.00179255 -0.00631118 -0.0084882 0.0420238 0.00361087 0.0124827 0.0405243 -0.0186978 -0.015018 -0.0206016 -0.0327491 -0.0211961 -0.00930362 -0.0176876 -0.00991503 0.000403231 -0.00671469 -0.00258411 -0.0315719 0.0555583 0.0476242 -0.00195437 -0.00976706 0.00955733
internal_weight=841 700 673 141 308 186 56 365 318 276 133 93 143 110 122 130 93 61 72 101 64 87 57 55
internal_count=841 700 673 141 308 186 56 365 318 276 133 93 143 110 122 130 93 61 72 101 64 87 57 55
is_linear=0
shrinkage=0.04


Tree=22
num_leaves=26
num_cat=0
split_feature=7 2 9 0 6 4 4 4 4 6 4 4 7 4 9 6 7 6 4 6 4 4 9 0 4
split_gain=157.931 47.6321 47.885 37.5656 23.9951 24.8732 29.4512 28.2407 33.2011 22.803 22.4145 21.2889 36.29 44.469 18.4812 14.0283 32.38 21.4811 12.0933 9.66072 14.7416 25.5615 9.53571 20.529 4.63757
threshold=1.1445794666770477 -1.6916913147484629 -0.41867290978318161 0.74913504757291582 0.52988476228989012 -1.1220816183874833 -0.93937580488745476 0.66843535391279729 -0.25727410115401456 -0.72069791484163315 -0.52524262762072316 -0.22073293845400885 -0.90629464749658817 0.071596363146036998 0.32043195112447598 -0.60700858055694906 -0.90629464749658817 0.075127425151154323 0.66843535391279729 0.87095276514394182 -0.26945448872068306 -0.6714072784207461 -1.5609258766404703 1.0000000180025095e-35 0.66843535391279729
decision_type=2 2 2 2 2 2 2 2 2 2 2 2 2 2 2 2 2 2 2 2 2 2 2 2 2
left_child=1 -1 11 9 5 -4 -7 8 10 -2 14 15 22 -14 -8 16 -3 -17 -11 -6 21 -21 -13 24 -24
right_child=3 2 4 -5 19 6 7 -9 -10 18 -12 12 13 -15 -16 17 -18 -19 -20 20 -22 -23 23 -25 -26
leaf_value=0.046035120307847309 0.08402462902345828 0.0057309987682562617 -0.046047380966720758 0.0075351089239120489 -0.047721547961235046 0.030029243880417198 -0.034938749687179277 0.025678398447732131 -0.052139333817693923 0.057624110740584301 0.023021448722907473 0.017562446477445398 0.075844602518611484 0.0045097742409541692 0.0046451685320062098 0.028455325365066529 -0.058025863504409796 -0.016305039425690969 0.02505985246764289 -0.015941499363292345 0.00011927360402686255 -0.066591765785217291 -0.0014280691146850587 -0.029055642375820562 0.02189876811504364
leaf_weight=27 28 26 27 40 40 32 46 27 36 37 28 37 27 29 32 29 25 42 36 44 28 25 30 38 25
leaf_count=27 28 26 27 40 40 32 46 27 36 37 28 37 27 29 32 29 25 42 36 44 28 25 30 38 25
internal_value=0.00172084 -0.00605873 -0.00814868 0.0403428 -0.0179499 -0.00999991 -0.00515771 -0.0118203 -0.0189504 0.053336 -0.00767865 0.00346644 0.0119834 0.0389034 -0.0186992 -0.00951842 -0.0255224 0.00197736 0.041565 -0.0311806 -0.0243596 -0.034293 0.000387102 -0.0064461 0.00917504
internal_weight=841 700 673 141 365 228 201 169 142 101 106 308 186 56 78 122 51 71 73 137 97 69 130 93 55
internal_count=841 700 673 141 365 228 201 169 142 101 106 308 186 56 78 122 51 71 73 137 97 69 130 93 55
is_linear=0
shrinkage=0.04


Tree=23
num_leaves=25
num_cat=0
split_feature=9 4 9 6 9 4 4 2 4 0 4 9 0 6 9 4 4 6 5 4 4 0 6 0
split_gain=115.949 44.3535 42.4319 24.3187 42.7598 18.5589 33.9313 19.0285 16.7715 25.6248 27.515 25.731 22.2127 31.3144 15.5469 21.0924 30.3351 26.0466 15.0406 14.3428 23.0174 13.6472 7.8449 5.47482
threshold=1.1267281630237389 1.4236193830462491 -0.41867290978318161 -0.83438724912631701 1.3954935669901598 -1.1220816183874833 -0.93937580488745476 1.0000000180025095e-35 -0.025846737387311625 1.0000000180025095e-35 -0.52524262762072316 0.3876233021160812 0.74913504757291582 1.0000000180025095e-35 -1.2249691216824441 -0.22073293845400885 0.05941597557936841 -0.60700858055694906 -0.71349052288507664 -0.33035642655402603 0.27866295177940287 -0.7491350475729156 0.18881675943583826 1.0000000180025095e-35
decision_type=2 2 2 2 2 2 2 2 2 2 2 2 2 2 2 2 2 2 2 2 2 2 2 2
left_child=1 2 14 -2 -5 -4 -7 -8 9 10 11 21 -11 -14 19 17 -17 -16 -6 -1 -21 -9 -19 -18
right_child=3 -3 5 4 18 6 7 8 -10 12 -12 -13 13 -15 15 16 23 22 -20 20 -22 -23 -24 -25
leaf_value=-0.033589957637919325 0.064265872095570414 0.03573511825501919 -0.040305884929145989 -0.002385159355401993 0.065205704990555266 0.020104785696381616 0.01095795149764707 -0.054404322173860341 -0.045987542100250724 -0.060660720542073249 0.023035555828262017 0.014787892237678171 0.012736755838760962 -0.049344528753023885 -0.029469059043460422 0.050380083005875348 0.017638390155938957 0.030277210726187779 0.025993154531922837 0.022960882339822616 -0.019107614017051199 -0.014186851393293452 -0.00023578695952892304 -0.0078519847137587407
leaf_weight=27 33 40 47 50 34 42 31 27 40 32 37 25 26 26 36 40 26 26 29 38 46 27 28 28
leaf_count=27 33 40 47 50 34 42 31 27 40 32 37 25 26 26 36 40 26 26 29 38 46 27 28 28
internal_value=0.00165201 -0.00515535 -0.00765248 0.0340569 0.0252348 -0.0168685 -0.0133492 -0.0185339 -0.0223433 -0.0176145 -0.00543059 -0.0187628 -0.0344398 -0.0183039 0.00359424 0.0107264 0.0239781 -0.00311423 0.0471555 -0.00822852 -7.66276e-05 -0.0342956 0.0144557 0.00442116
internal_weight=841 695 655 146 113 360 313 271 240 200 116 79 84 52 295 184 94 90 63 111 84 54 54 54
internal_count=841 695 655 146 113 360 313 271 240 200 116 79 84 52 295 184 94 90 63 111 84 54 54 54
is_linear=0
shrinkage=0.04


Tree=24
num_leaves=24
num_cat=0
split_feature=7 0 9 8 3 8 9 6 6 9 9 5 0 7 6 9 9 6 0 6 5 6 6
split_gain=135.374 34.3975 33.8506 36.1254 32.5911 22.416 19.389 24.1497 22.7359 17.005 30.5683 62.2253 12.7507 11.6847 10.025 9.91567 12.9279 15.8331 8.79175 7.89703 7.80209 6.78124 5.24566
threshold=1.1445794666770477 0.74913504757291582 -0.41867290978318161 -0.63134183865453442 1.0000000180025095e-35 1.0000000180025095e-35 -1.2249691216824441 -0.15225124341821353 -0.60700858055694906 0.79077140806571256 0.45481465310768643 -0.25066273765626779 -0.7491350475729156 -1.4922586801176267 0.18881675943583826 0.45481465310768643 -0.082716154825155472 0.18881675943583826 -1.0000000180025095e-35 0.41619542800520609 -1.1763183081138855 0.30250609372052223 -1.1754552519803687
decision_type=2 2 2 2 2 2 2 2 2 2 2 2 2 2 2 2 2 2 2 2 2 2 2
left_child=2 5 6 9 15 14 7 20 22 10 11 -4 -10 -9 -2 16 18 -18 -5 -17 -1 -14 -8
right_child=1 -3 3 4 -6 -7 8 13 12 -11 -12 -13 21 -15 -16 19 17 -19 -20 -21 -22 -23 -24
leaf_value=0.02700619208626449 0.049427488880122404 0.0059497234299778932 0.052118223886936904 -0.034710004861865727 0.017023863263428213 0.073536505607458266 0.0057392086789888495 -0.010624986920991671 0.0014607174195829901 0.033376995348930356 -0.039986496976128334 -0.020845614777670964 0.019268750777611365 -0.043773847266479773 0.017106932061059135 -0.005304025388930155 -0.029338681049206675 -0.064274641513824463 -0.0030118807365319563 -0.029605479154735805 -0.0031298355482242725 0.042057246738009979 -0.016169577588637671
leaf_weight=28 34 40 32 28 30 39 34 46 31 25 27 45 39 27 28 46 51 35 28 40 27 45 36
leaf_count=28 34 40 32 28 30 39 34 46 31 25 27 45 39 27 28 46 51 35 28 40 27 45 36
internal_value=0.00158593 0.0373436 -0.00561668 -0.0135273 -0.0221689 0.0497768 0.00416419 -0.0078045 0.0124452 0.00375597 -0.00336447 0.00947702 0.0233856 -0.0228855 0.0348311 -0.0273259 -0.0338176 -0.0435568 -0.0188609 -0.016607 0.0122121 0.0314769 -0.00552817
internal_weight=841 141 700 387 258 101 313 128 185 129 104 77 115 73 62 228 142 86 56 86 55 84 70
internal_count=841 141 700 387 258 101 313 128 185 129 104 77 115 73 62 228 142 86 56 86 55 84 70
is_linear=0
shrinkage=0.04


Tree=25
num_leaves=26
num_cat=0
split_feature=7 8 2 7 6 9 0 9 9 6 9 6 9 0 6 0 9 0 7 8 9 7 7 0 6
split_gain=71.5141 40.4026 33.1104 18.7724 22.6467 24.9122 37.0273 26.5128 15.5475 12.5027 12.2471 12.5173 11.4129 11.0249 14.1888 17.4917 10.0594 17.2455 14.2503 14.3097 23.2684 9.27934 14.8371 7.37678 0.781352
threshold=1.1445794666770477 1.0000000180025095e-35 -2.9592882694284057 -0.32033061487554942 0.30250609372052223 1.0000000180025095e-35 1.0000000180025095e-35 0.3876233021160812 1.3283022159985547 -1.5165232548344203 0.3876233021160812 -0.49331924627226525 1.4626849179817649 1.2485584126215263 1.4393994365673617 0.74913504757291582 -1.3593518236656548 -1.0000000180025095e-35 -1.1992766638071075 1.0000000180025095e-35 -0.6874383137496024 0.26563341774548938 1.0000000180025095e-35 -1.0000000180025095e-35 1.0000000180025095e-35
decision_type=2 2 2 2 2 2 2 2 2 2 2 2 2 2 2 2 2 2 2 2 2 2 2 2 2
left_child=2 8 -1 9 5 -5 10 -8 -2 -4 -7 -12 -10 14 15 16 17 -11 -18 20 24 22 -6 -23 -20
right_child=1 -3 3 4 21 6 7 -9 12 13 11 -13 -14 -15 -16 -17 18 -19 19 -21 -22 23 -24 -25 -26
leaf_value=0.033794484645128249 0.030499070492706132 0.052601906365277812 0.024482235980033875 -0.033735550029033966 -0.020246492095531955 -0.0023402355216881809 0.0063590279331913703 -0.046396495840379172 -0.023829603481292722 -0.04340492733870633 0.0075251868137946503 0.045159664750099186 0.0097471572523531707 -0.023506589111956685 0.026174551282937709 0.01767460963000422 0.019584635985083879 0.00045317491659751304 -0.014126868623274344 -0.029789194558270095 0.022027352452278139 -0.033704487755894665 -0.05938176816509616 -0.0085822915331357063 -0.023940579055994751
leaf_weight=30 35 49 25 44 31 34 27 35 25 32 26 31 46 44 26 46 32 26 27 41 39 32 31 45 25
leaf_count=30 35 49 25 44 31 34 27 35 25 32 26 31 46 44 26 46 32 26 27 41 39 32 31 45 25
internal_value=-0.00210822 0.0225651 -0.00735427 -0.00912031 -0.0159337 -0.00721072 0.000417339 -0.0234223 0.00868016 -0.00281367 0.0166597 0.0279931 -0.00207565 -0.00483259 -0.00203785 -0.00477487 -0.00942656 -0.0237444 -0.00436294 -0.0101684 -0.00132828 -0.0282966 -0.0398141 -0.0190227 -0.018845
internal_weight=884 155 729 699 336 197 153 62 106 363 91 57 71 338 294 268 222 58 164 132 91 139 62 77 52
internal_count=884 155 729 699 336 197 153 62 106 363 91 57 71 338 294 268 222 58 164 132 91 139 62 77 52
is_linear=0
shrinkage=0.04


Tree=26
num_leaves=25
num_cat=0
split_feature=4 6 9 6 8 4 6 9 6 1 8 9 9 4 5 4 6 6 6 5 4 8 1 4
split_gain=134.935 29.4101 40.2088 26.9334 26.2573 66.9201 27.7743 26.0555 26.8941 28.5741 24.2573 26.8697 27.6735 22.0013 20.6645 19.2543 16.5771 13.1693 11.4233 20.9392 9.11902 6.53761 5.42455 15.2141
threshold=-0.33035642655402603 -0.83438724912631701 -0.75462966474120774 -1.4028339205497364 -0.63134183865453442 1.715948684646295 -0.72069791484163315 1.4626849179817649 -0.49331924627226525 1.0000000180025095e-35 -0.63134183865453442 0.45481465310768643 -0.082716154825155472 0.10813752584604273 1.0000000180025095e-35 0.68061574147946591 -0.15225124341821353 -0.15225124341821353 1.2120207679979937 1.0000000180025095e-35 0.42482760257942576 1.0000000180025095e-35 1.0000000180025095e-35 -0.69576805355408322
decision_type=2 2 2 2 2 2 2 2 2 2 2 2 2 2 2 2 2 2 2 2 2 2 2 2
left_child=1 3 -3 -1 6 7 -2 8 9 20 11 12 -4 -8 -5 -15 -10 -12 19 21 -6 -18 23 -19
right_child=4 2 10 14 5 -7 13 -9 16 -11 17 -13 -14 15 -16 -17 18 22 -20 -21 -22 -23 -24 -25
leaf_value=-0.026759840585291385 0.025218095931817185 -0.063913697972893715 -0.015499576788682204 0.036069983975453808 0.01777317226129143 0.067258612872698367 0.013670224704676204 0.041650635108351708 0.046883801233768459 -0.042106455728566895 -0.0080420244090697347 -0.033937017187989992 0.042318215281875043 -0.047961402635555712 -0.008363834557068699 -0.0075580823680628908 -0.023398309078428055 -0.026558260091890894 0.029232117012143136 0.027320070345150795 -0.011727782224615416 0.0030236644374913185 -0.022236496154218913 -0.060436403374922905
leaf_weight=44 44 40 26 33 38 39 36 40 25 30 34 29 27 32 34 46 31 48 41 38 30 29 32 38
leaf_count=44 44 40 26 33 38 39 36 40 25 30 34 29 27 32 34 46 31 48 41 38 30 29 32 38
internal_value=-0.0020239 -0.0198156 -0.0268522 -0.00244589 0.0117031 0.0179489 -0.00177666 0.0115811 0.00699033 -0.00958823 -0.0205169 -0.00298257 0.0139548 -0.0121957 0.0135215 -0.0241338 0.016897 -0.0299762 0.0115037 0.00408675 0.00475805 -0.0106277 -0.0362962 -0.0415277
internal_weight=884 385 274 111 499 341 158 302 262 98 234 82 53 114 67 78 164 152 139 98 68 60 118 86
internal_count=884 385 274 111 499 341 158 302 262 98 234 82 53 114 67 78 164 152 139 98 68 60 118 86
is_linear=0
shrinkage=0.04


Tree=27
num_leaves=27
num_cat=0
split_feature=4 6 9 6 8 4 6 5 9 9 9 8 9 9 4 5 4 9 1 6 6 6 5 5 4 6
split_gain=124.356 27.1043 37.0564 24.8219 24.1987 61.6736 25.5968 25.5094 26.0277 29.2645 26.421 22.3556 24.7631 25.5039 20.2764 19.0444 17.7447 15.7238 15.1986 24.5346 14.4377 12.1815 6.81012 13.6867 14.5182 1.05232
threshold=-0.33035642655402603 -0.83438724912631701 -0.75462966474120774 -1.4028339205497364 -0.63134183865453442 1.715948684646295 -0.72069791484163315 -1.1763183081138855 -1.0233950687076285 -0.48586426077478684 -1.2921604726740494 -0.63134183865453442 0.45481465310768643 -0.082716154825155472 0.10813752584604273 1.0000000180025095e-35 0.68061574147946591 0.3876233021160812 1.0000000180025095e-35 0.30250609372052223 0.18881675943583826 -0.26594057770289742 0.67499283280135014 -0.25066273765626779 -0.80539154165410043 -0.60700858055694906
decision_type=2 2 2 2 2 2 2 2 2 2 2 2 2 2 2 2 2 2 2 2 2 2 2 2 2 2
left_child=1 3 -3 -1 6 7 -2 -6 10 20 -9 12 13 -4 -8 -5 -16 -11 19 25 -10 -13 23 -23 -25 -19
right_child=4 2 11 15 5 -7 14 8 9 17 -12 21 -14 -15 16 -17 -18 18 -20 -21 -22 22 -24 24 -26 -27
leaf_value=-0.025689447249539872 0.02420937204225497 -0.061357149437069894 -0.014879594215979943 0.034627185723546783 0.041307122225944813 0.064568269164898454 0.013123416047957208 0.010402761333518558 0.018283094634060505 -0.02221745327628892 -0.045054027391597633 -0.0049472689841474808 -0.032579536684628194 0.040625487389387906 -0.046042945664376021 -0.0080292808395974781 -0.007255759265111841 0.032297277343273166 -0.0091964266342776154 -0.00594154013430371 0.060044875144958494 -0.047439825840898467 -0.050052495766431095 -0.038487954437732695 0.0027851442495981853 0.043903158593177796
leaf_weight=44 44 40 26 33 39 39 36 27 27 29 28 28 29 27 32 34 46 25 42 34 26 37 32 25 30 25
leaf_count=44 44 40 26 33 39 39 36 27 27 29 28 28 29 27 32 34 46 25 42 34 26 37 32 25 30 25
internal_value=-0.00194294 -0.0190229 -0.0257781 -0.00234805 0.011235 0.017231 -0.00170559 0.0111179 0.00664112 0.0131118 -0.0178298 -0.0196962 -0.00286327 0.0133966 -0.0117079 0.0129806 -0.0231685 0.00433834 0.0104504 0.0202738 0.03877 -0.0287771 -0.034158 -0.0286295 -0.0159754 0.0381002
internal_weight=884 385 274 111 499 341 158 302 263 208 55 234 82 53 114 67 78 155 126 84 53 152 124 92 55 50
internal_count=884 385 274 111 499 341 158 302 263 208 55 234 82 53 114 67 78 155 126 84 53 152 124 92 55 50
is_linear=0
shrinkage=0.04


end of trees

feature_importances:
Column_4=181
Column_9=152
Column_6=120
Column_0=74
Column_7=61
Column_5=59
Column_8=40
Column_2=8
Column_1=7
Column_3=2

parameters:
[boosting: gbdt]
[objective: regression]
[metric: rmse]
[tree_learner: serial]
[device_type: cpu]
[data_sample_strategy: bagging]
[data: ]
[valid: ]
[num_iterations: 28]
[learning_rate: 0.04]
[num_leaves: 45]
[num_threads: 0]
[seed: 0]
[deterministic: 0]
[force_col_wise: 0]
[force_row_wise: 0]
[histogram_pool_size: -1]
[max_depth: -1]
[min_data_in_leaf: 25]
[min_sum_hessian_in_leaf: 0.001]
[bagging_fraction: 0.8]
[pos_bagging_fraction: 1]
[neg_bagging_fraction: 1]
[bagging_freq: 5]
[bagging_seed: 3]
[bagging_by_query: 0]
[feature_fraction: 0.8]
[feature_fraction_bynode: 1]
[feature_fraction_seed: 2]
[extra_trees: 0]
[extra_seed: 6]
[early_stopping_round: 0]
[early_stopping_min_delta: 0]
[first_metric_only: 0]
[max_delta_step: 0]
[lambda_l1: 0]
[lambda_l2: 0]
[linear_lambda: 0]
[min_gain_to_split: 0]
[drop_rate: 0.1]
[max_drop: 50]
[skip_drop: 0.5]
[xgboost_dart_mode: 0]
[uniform_drop: 0]
[drop_seed: 4]
[top_rate: 0.2]
[other_rate: 0.1]
[min_data_per_group: 100]
[max_cat_threshold: 32]
[cat_l2: 10]
[cat_smooth: 10]
[max_cat_to_onehot: 4]
[top_k: 20]
[monotone_constraints: ]
[monotone_constraints_method: basic]
[monotone_penalty: 0]
[feature_contri: ]
[forcedsplits_filename: ]
[refit_decay_rate: 0.9]
[cegb_tradeoff: 1]
[cegb_penalty_split: 0]
[cegb_penalty_feature_lazy: ]
[cegb_penalty_feature_coupled: ]
[path_smooth: 0]
[interaction_constraints: ]
[verbosity: -1]
[saved_feature_importance_type: 0]
[use_quantized_grad: 0]
[num_grad_quant_bins: 4]
[quant_train_renew_leaf: 0]
[stochastic_rounding: 1]
[linear_tree: 0]
[max_bin: 255]
[max_bin_by_feature: ]
[min_data_in_bin: 3]
[bin_construct_sample_cnt: 200000]
[data_random_seed: 1]
[is_enable_sparse: 1]
[enable_bundle: 1]
[use_missing: 1]
[zero_as_missing: 0]
[feature_pre_filter: 1]
[pre_partition: 0]
[two_round: 0]
[header: 0]
[label_column: ]
[weight_column: ]
[group_column: ]
[ignore_column: ]
[categorical_feature: ]
[forcedbins_filename: ]
[precise_float_parser: 0]
[parser_config_file: ]
[objective_seed: 5]
[num_class: 1]
[is_unbalance: 0]
[scale_pos_weight: 1]
[sigmoid: 1]
[boost_from_average: 1]
[reg_sqrt: 0]
[alpha: 0.9]
[fair_c: 1]
[poisson_max_delta_step: 0.7]
[tweedie_variance_power: 1.5]
[lambdarank_truncation_level: 30]
[lambdarank_norm: 1]
[label_gain: ]
[lambdarank_position_bias_regularization: 0]
[eval_at: ]
[multi_error_top_k: 1]
[auc_mu_weights: ]
[num_machines: 1]
[local_listen_port: 12400]
[time_out: 120]
[machine_list_filename: ]
[machines: ]
[gpu_platform_id: -1]
[gpu_device_id: -1]
[gpu_use_dp: 0]
[num_gpu: 1]

end of parameters

pandas_categorical:null
