tree
version=v4
num_class=1
num_tree_per_iteration=1
label_index=0
max_feature_idx=9
objective=regression
feature_names=Column_0 Column_1 Column_2 Column_3 Column_4 Column_5 Column_6 Column_7 Column_8 Column_9
feature_infos=[-1.4982700951458314:1.4982700951458314] [-0.63368320487849272:1.5780755940845042] [-7.3958776108082063:2.7448980266313372] [-0.26699649569399087:3.7453675090407055] [-1.6032069272708922:5.5710413494968991] [-3.721871126872335:3.2205456515597994] [-1.6870572562614465:1.7236227722790711] [-1.6387496882728867:1.5840524911428266] [-1.2456510737482795:1.2115858666267003] [-1.7289042541194837:1.6978546464523832]
tree_sizes=2127 2400 2321 2222 2410 2411 2418 2390 2149 2323 2230 2416 2337 2409 2403 2233 2326 2237 2490

Tree=0
num_leaves=25
num_cat=0
split_feature=8 9 9 9 9 9 9 7 0 5 6 9 9 9 9 5 9 9 0 6 6 8 6 9
split_gain=5583.1 10857.9 30024.4 7123.97 1758.93 1441.75 1134.67 861.642 546.792 525.648 496.464 265.377 516.414 180.928 378.678 206.672 147.679 145.102 142.519 136.739 127.259 86.4033 69.0675 30.0493
threshold=-0.63134183865453442 1.0000000180025095e-35 0.45481465310768643 1.0595368120321338 -0.62024696275799729 0.99234546104052834 -0.35148155879157633 0.85159745036652823 -0.7491350475729156 -0.71349052288507664 1.0000000180025095e-35 -0.082716154825155472 0.32043195112447598 -1.6281172276320757 -1.157777770690839 -0.71349052288507664 1.3283022159985547 0.58919735509089699 0.74913504757291582 0.075127425151154323 0.64357409657457409 1.0000000180025095e-35 -0.26594057770289742 -0.82182101573281285
decision_type=2 2 2 2 2 2 2 2 2 2 2 2 2 2 2 2 2 2 2 2 2 2 2 2
left_child=1 6 -3 4 13 -4 9 11 -5 -1 -10 18 21 -2 15 -15 -7 -14 22 -16 23 -13 -6 -11
right_child=3 2 5 8 7 16 -8 -9 10 20 -12 12 17 14 19 -17 -18 -19 -20 -21 -22 -23 -24 -25
leaf_value=28.417959793116658 28.649566936931731 29.940812368456225 28.468883705829718 28.948474506668724 28.506709794415187 28.705598683379765 28.265598684439404 28.584709793325274 28.649142226866029 28.675969054103348 28.84693201734888 28.210827441814608 28.454891612395741 28.53290026958387 28.543820906237769 28.400239204977783 28.836709800205352 28.352164340860561 28.350043126058143 28.640876461720474 28.539672756747411 28.303161408043557 28.42242407863084 28.61510979313454
leaf_weight=32 28 39 46 34 28 27 27 35 37 27 45 34 44 42 45 34 28 44 27 48 27 31 35 25
leaf_count=32 28 39 46 34 28 27 27 35 37 27 45 34 44 42 45 34 28 44 27 48 27 31 35 25
internal_value=28.6021 28.7499 28.9981 28.5326 28.464 28.6341 28.4982 28.3992 28.8136 28.5547 28.7577 28.3724 28.3404 28.5554 28.5398 28.4736 28.7723 28.4035 28.4269 28.5939 28.6101 28.2549 28.4599 28.6467
internal_weight=869 278 140 591 475 101 138 278 116 111 82 243 153 197 169 76 55 88 90 93 79 65 63 52
internal_count=869 278 140 591 475 101 138 278 116 111 82 243 153 197 169 76 55 88 90 93 79 65 63 52
is_linear=0
shrinkage=1


Tree=1
num_leaves=27
num_cat=0
split_feature=9 9 9 9 9 2 9 0 6 4 7 9 4 9 4 7 7 4 0 5 5 6 0 6 0 6
split_gain=4703.82 7107.67 4021.66 2297.25 8234.25 1076.45 926.622 502.111 450.639 449.15 564.284 448.436 367.31 286.257 198.965 163.712 152.206 130.473 291.142 221.041 98.4114 97.3693 58.2103 50.358 41.3938 38.6115
threshold=0.3876233021160812 0.52200600409929165 1.0595368120321338 0.051666547158054986 -0.082716154825155472 1.0000000180025095e-35 -0.35148155879157633 -0.7491350475729156 1.0000000180025095e-35 0.765878454446146 -1.1992766638071075 0.25324060013287075 -0.40343875195403744 -0.62024696275799729 -0.038027124953980203 1.4375614829875671 1.4375614829875671 -0.40343875195403744 -1.0000000180025095e-35 0.67499283280135014 -1.1763183081138855 0.18881675943583826 -1.0000000180025095e-35 0.41619542800520609 -1.0000000180025095e-35 -0.26594057770289742
decision_type=2 2 2 2 2 2 2 2 2 2 2 2 2 2 2 2 2 2 2 2 2 2 2 2 2 2
left_child=3 -2 5 4 6 -3 9 -4 16 10 14 23 21 17 -1 -10 -9 24 -19 -20 -11 -7 -8 -5 -12 -15
right_child=1 2 7 11 -6 12 22 8 15 20 13 -13 -14 25 -16 -17 -18 18 19 -21 -22 -23 -24 -25 -26 -27
leaf_value=-0.21864865361376012 0.69658934485527779 0.10846649877230327 0.29793071301579477 -0.29785705456366907 0.5727310974308939 -0.2731762752388463 -0.26199271325142154 -0.012288332223892211 0.15912690717833383 -0.0083514374732971183 -0.09483252684275309 -0.15090662717819214 -0.073976311655931687 -0.076886370374310412 -0.097273709565401087 0.28764302019415228 0.12468175702624852 0.11595058407634497 -0.10526778731495143 0.048624786990029478 0.10083572979484286 -0.17176178182874405 -0.18620546211214628 -0.37736723937988281 -0.024790192710028754 -0.13740527745839712
leaf_weight=47 31 30 50 26 33 33 31 25 35 25 27 35 43 31 40 29 27 32 32 28 28 28 34 25 27 37
leaf_count=47 31 30 50 26 33 33 31 25 35 25 27 35 43 31 40 29 27 32 32 28 28 28 34 25 27 37
internal_value=0.00132378 0.11997 0.0603856 -0.0716721 -0.0356181 -0.10262 -0.0835311 0.191969 0.146296 -0.0580417 -0.0769481 -0.261165 -0.163511 -0.0420278 -0.162844 0.217361 0.0588308 -0.0104553 0.0185146 -0.0334513 0.0493323 -0.226625 -0.22235 -0.336833 -0.0598114 -0.109816
internal_weight=869 331 300 538 452 134 419 166 116 354 301 86 104 214 87 64 52 146 92 60 53 61 65 51 54 68
internal_count=869 331 300 538 452 134 419 166 116 354 301 86 104 214 87 64 52 146 92 60 53 61 65 51 54 68
is_linear=0
shrinkage=0.04


Tree=2
num_leaves=26
num_cat=0
split_feature=8 9 9 9 4 4 9 9 0 5 9 4 4 0 4 9 9 4 9 7 4 8 4 8 0
split_gain=5138.89 9825.35 27917.3 6201.64 2466.44 1525.78 1046.84 800.862 470.817 463.363 375.087 241.954 208.975 207.111 304.029 135.475 221.033 134.174 125.721 124.076 89.7362 83.5152 55.0893 26.4375 12.7021
threshold=-0.63134183865453442 1.0000000180025095e-35 0.45481465310768643 1.0595368120321338 0.010694425312694102 0.12031791341271131 -0.35148155879157633 -0.082716154825155472 -0.7491350475729156 -0.71349052288507664 0.32043195112447598 0.74151767931280876 -0.40343875195403744 -0.7491350475729156 1.0703881436128604 -1.2921604726740494 -0.6874383137496024 -0.68358766598741461 1.2611108650069494 -0.61331263118606871 -0.46434068978738036 1.0000000180025095e-35 -0.038027124953980203 1.0000000180025095e-35 -1.0000000180025095e-35
decision_type=2 2 2 2 2 2 2 2 2 2 2 2 2 2 2 2 2 2 2 2 2 2 2 2 2
left_child=1 6 -3 4 7 -4 9 15 -5 -1 21 -10 -11 -6 19 -2 23 24 -7 -15 -18 -9 -14 -17 -12
right_child=3 2 5 8 13 18 -8 10 11 12 17 -13 22 14 -16 16 20 -19 -20 -21 -22 -23 -24 -25 -26
leaf_value=-0.17049432467669248 -0.20496548862168282 1.2881862046168402 -0.13845125781728868 0.32190849661827087 0.074315387593375318 0.11656981661401947 -0.31979789133425113 -0.37498079419136049 0.081016042265956378 -0.085684390449523917 -0.26662898025512699 0.21880516177729559 0.096121488855435297 -0.034078079846998059 0.07153396815061569 -0.02857594074874089 -0.12447652258771533 -0.14562636989686226 0.23897253694534304 -0.14126276616696959 -0.21302467886606852 -0.28420312458469021 0.015263184436729976 -0.082587470576680935 -0.22706062422858345
leaf_weight=32 33 39 47 34 45 29 27 34 44 25 25 38 26 48 34 29 47 36 25 27 30 31 28 29 27
leaf_count=32 33 39 47 34 45 29 27 34 44 25 25 38 26 48 34 29 47 36 25 27 30 31 28 29 27
internal_value=0.00127083 0.143097 0.379192 -0.0654426 -0.129475 0.0281943 -0.0964199 -0.192608 0.19676 -0.0420847 -0.258814 0.14487 0.00992934 0.00212016 -0.0276852 -0.132314 -0.114555 -0.204988 0.173238 -0.0726646 -0.158976 -0.331687 0.054195 -0.0555817 -0.246084
internal_weight=869 278 140 591 475 101 138 321 116 111 153 82 79 154 109 168 135 88 54 75 77 65 54 58 52
internal_count=869 278 140 591 475 101 138 321 116 111 153 82 79 154 109 168 135 88 54 75 77 65 54 58 52
is_linear=0
shrinkage=0.04


Tree=3
num_leaves=25
num_cat=0
split_feature=8 7 7 7 6 4 4 4 7 7 5 4 7 4 7 7 5 4 4 7 7 6 4 6
split_gain=4736 8283.16 15875 5549.82 2372.56 1904.28 1172.15 727.01 712.626 575.605 494.568 264.91 262.638 236.279 213.249 153.674 161.777 193.321 115.416 105.821 235.978 76.9821 56.8502 12.2325
threshold=-0.63134183865453442 1.0000000180025095e-35 0.55861543405600889 0.85159745036652823 1.0000000180025095e-35 0.010694425312694102 0.12031791341271131 -0.36689758925403171 1.0000000180025095e-35 1.1445794666770477 0.67499283280135014 0.71715690417947164 -0.61331263118606871 0.15685907611271704 0.26563341774548938 -0.61331263118606871 1.0000000180025095e-35 0.96076465551284318 -0.78103076652076331 -0.61331263118606871 -1.1992766638071075 0.075127425151154323 -0.46434068978738036 1.0000000180025095e-35
decision_type=2 2 2 2 2 2 2 2 2 2 2 2 2 2 2 2 2 2 2 2 2 2 2 2
left_child=1 7 4 5 -3 8 -4 12 19 -5 -9 13 -1 -11 -10 16 17 -7 -16 20 -2 -22 -21 -8
right_child=3 2 6 9 -6 15 23 10 14 11 -12 -13 -14 -15 18 -17 -18 -19 -20 22 21 -23 -24 -25
leaf_value=-0.10948598976318653 -0.18527827567175817 1.1937997999668122 -0.12351122728208216 0.032012959072987235 0.64804594443394592 -0.079489852719836773 0.14376652059555053 -0.10446876356421514 -0.32292623646405277 0.21901391681396601 0.093587900368790874 0.27703688615844363 -0.28603676676750184 0.061034125579254965 -0.26358803166283501 -0.086730637039457048 0.090105751086683838 0.059283547565854827 -0.1719463082346632 -0.1428420277684927 -0.10249701576848183 -0.012613844672838848 -0.21377556817284948 0.18295391559600829
leaf_weight=26 38 25 41 48 26 36 25 43 49 33 38 42 28 28 45 28 34 29 43 48 31 30 29 26
leaf_count=26 38 25 41 48 26 36 25 43 49 33 38 42 28 28 45 28 34 29 43 48 31 30 29 26
internal_value=0.00122 0.137373 0.349519 -0.0628249 0.915572 -0.134632 0.0357283 -0.0873443 -0.187638 0.146414 -0.0115533 0.199728 -0.201031 0.146499 -0.256048 -0.00399428 0.0194059 -0.0175756 -0.218809 -0.134388 -0.107034 -0.0582922 -0.169557 0.163744
internal_weight=869 278 143 591 51 440 92 135 313 151 81 103 54 61 137 127 99 65 88 176 99 61 77 51
internal_count=869 278 143 591 51 440 92 135 313 151 81 103 54 61 137 127 99 65 88 176 99 61 77 51
is_linear=0
shrinkage=0.04


Tree=4
num_leaves=27
num_cat=0
split_feature=9 9 9 9 9 2 9 0 6 9 4 7 4 9 4 7 7 4 0 5 5 6 6 0 6 0
split_gain=4033.39 6536.5 3199.21 2524.21 7344.44 941.797 740.472 431.861 403.862 389.249 366.392 462.198 282.201 229.934 160.955 147.04 142.035 99.9357 259.195 189.605 85.5719 84.6683 64.9525 53.687 38.7216 38.3712
threshold=0.3876233021160812 0.52200600409929165 1.0595368120321338 0.051666547158054986 -0.082716154825155472 1.0000000180025095e-35 -0.35148155879157633 -0.7491350475729156 1.0000000180025095e-35 0.25324060013287075 0.765878454446146 -1.1992766638071075 -0.64704650328740898 -0.62024696275799729 -0.038027124953980203 1.4375614829875671 1.4375614829875671 -0.40343875195403744 -1.0000000180025095e-35 0.67499283280135014 -1.1763183081138855 -0.15225124341821353 0.41619542800520609 -1.0000000180025095e-35 -0.26594057770289742 -1.0000000180025095e-35
decision_type=2 2 2 2 2 2 2 2 2 2 2 2 2 2 2 2 2 2 2 2 2 2 2 2 2 2
left_child=3 -2 5 4 6 -3 10 -4 16 22 11 14 -7 17 -1 -10 -9 25 -19 -20 -12 -14 -5 -8 -15 -13
right_child=1 2 7 9 -6 12 23 8 15 -11 20 13 21 24 -16 -17 -18 18 19 -21 -22 -23 -24 -25 -26 -27
leaf_value=-0.1961009665974911 0.66400285472792964 0.10595457861820856 0.26952707042694091 -0.29128885434224056 0.54591020385424294 -0.22100573894825387 -0.23604551930581369 -0.022603974771499634 0.14098576816490718 -0.16233100632258826 -0.0079049131870269768 -0.085183653566572398 -0.038997542219502586 -0.064344039963137714 -0.086933536145836113 0.26278220949501824 0.10971075861542313 0.10901916509494186 -0.098461517021059985 0.044068532735109328 0.093910707650440073 -0.1365144265109095 -0.38158858871459961 -0.16326234123286079 -0.12494919699188825 -0.017747071230853048
leaf_weight=47 31 30 50 26 33 47 31 25 35 35 25 27 28 31 40 29 27 32 32 28 28 29 25 34 37 27
leaf_count=47 31 30 50 26 33 47 31 25 35 35 25 27 28 31 40 29 27 32 32 28 28 29 25 34 37 27
internal_value=0.0011712 0.111037 0.0538972 -0.0664228 -0.0286298 -0.0914887 -0.0738799 0.171257 0.128899 -0.265056 -0.0510942 -0.0681702 -0.148443 -0.0365661 -0.145909 0.196175 0.0460979 -0.00826963 0.0170844 -0.0319475 0.0458845 -0.0886114 -0.335553 -0.197974 -0.0973204 -0.0514654
internal_weight=869 331 300 538 452 134 419 166 116 86 354 301 104 214 87 64 52 146 92 60 53 57 51 65 68 54
internal_count=869 331 300 538 452 134 419 166 116 86 354 301 104 214 87 64 52 146 92 60 53 57 51 65 68 54
is_linear=0
shrinkage=0.04


Tree=5
num_leaves=27
num_cat=0
split_feature=8 9 9 9 4 9 9 9 4 9 5 9 4 9 8 4 5 4 9 5 0 0 0 8 9 8
split_gain=5450.89 8914.07 24481 4315.71 1656.76 1508.69 1103.57 566.832 556.262 518.969 389.721 210.815 166.105 177.686 149.771 138.651 133.845 123.865 110.513 263.905 116.891 136.644 92.2467 32.7665 21.584 9.58605
threshold=-0.63134183865453442 1.0000000180025095e-35 0.45481465310768643 0.92515411004892301 0.022874812879362678 1.3283022159985547 -0.082716154825155472 -0.35148155879157633 0.51009031554610584 1.2611108650069494 -0.71349052288507664 0.25324060013287075 0.765878454446146 -0.82182101573281285 1.0000000180025095e-35 0.94858426794617456 1.1378206180301593 -0.68358766598741461 -1.2249691216824441 1.0000000180025095e-35 0.74913504757291582 -1.0000000180025095e-35 1.0000000180025095e-35 1.0000000180025095e-35 0.58919735509089699 1.0000000180025095e-35
decision_type=2 2 2 2 2 2 2 2 2 2 2 2 2 2 2 2 2 2 2 2 2 2 2 2 2 2
left_child=1 7 -3 4 6 8 18 10 -4 15 -1 22 13 -6 -11 -5 -12 24 -2 -20 21 25 -8 -14 -13 -21
right_child=3 2 5 9 12 -7 11 -9 -10 14 16 17 23 -15 -16 -17 -18 -19 19 20 -22 -23 -24 -25 -26 -27
leaf_value=-0.15722119521937872 -0.18524383334318795 1.2428981813224587 -0.15613870516055969 -0.032794355630874635 -0.11462843406768074 0.26347265646738166 -0.2790476392998415 -0.25920682723705585 0.072767534656771299 0.13059729000926018 0.044998871575702315 -0.29609329819679259 0.061959530813940643 0.0039409553699004344 0.24075756222391739 0.093408228800846982 -0.061568346908598234 -0.17738802202912266 -0.0021679492249633324 -0.16334419205188752 -0.20752555246353152 -0.031296792960166936 -0.37808039691713119 -0.00052936282977461818 -0.24403921993879174 -0.12831543314456942
leaf_weight=38 30 37 41 30 42 34 34 26 29 40 44 25 29 39 39 26 33 43 33 25 25 25 27 25 26 25
leaf_count=38 30 37 41 30 42 34 34 26 29 40 44 25 29 39 39 26 33 43 33 25 25 25 27 25 26 25
internal_value=-0.0102211 0.134356 0.359247 -0.0795589 -0.138717 0.0448716 -0.188559 -0.0905361 -0.0613061 0.11895 -0.0524018 -0.264973 -0.0213119 -0.0575395 0.18498 0.0257997 -0.000672793 -0.227394 -0.115895 -0.100253 -0.13262 -0.107652 -0.322882 0.0330295 -0.269556 -0.14583
internal_weight=870 282 141 588 453 104 318 141 70 135 115 155 135 81 79 56 77 94 163 133 100 75 61 54 51 50
internal_count=870 282 141 588 453 104 318 141 70 135 115 155 135 81 79 56 77 94 163 133 100 75 61 54 51 50
is_linear=0
shrinkage=0.04


Tree=6
num_leaves=27
num_cat=0
split_feature=8 9 9 9 4 9 9 9 4 9 5 9 6 4 0 9 8 5 4 9 5 0 0 5 6 8
split_gain=5023.54 8215.21 22561.7 3977.35 1526.87 1390.41 1017.05 522.392 512.651 478.282 359.167 194.287 180.294 153.812 184.771 158.888 138.029 123.352 114.154 101.849 243.215 107.727 125.931 87.5707 55.1134 8.8345
threshold=-0.63134183865453442 1.0000000180025095e-35 0.45481465310768643 0.92515411004892301 0.022874812879362678 1.3283022159985547 -0.082716154825155472 -0.35148155879157633 0.51009031554610584 1.2611108650069494 -0.71349052288507664 0.25324060013287075 -0.15225124341821353 1.3139958949462318 -0.7491350475729156 -0.82182101573281285 1.0000000180025095e-35 1.1378206180301593 -0.68358766598741461 -1.2249691216824441 1.0000000180025095e-35 0.74913504757291582 -1.0000000180025095e-35 -0.25066273765626779 -0.15225124341821353 1.0000000180025095e-35
decision_type=2 2 2 2 2 2 2 2 2 2 2 2 2 2 2 2 2 2 2 2 2 2 2 2 2 2
left_child=1 7 -3 4 6 8 19 10 -4 12 -1 23 -5 14 -6 -16 -11 -12 24 -2 -21 22 25 -8 -13 -22
right_child=3 2 5 9 13 -7 11 -9 -10 16 17 18 -14 -15 15 -17 -18 -19 -20 20 21 -23 -24 -25 -26 -27
leaf_value=-0.15093234604910799 -0.17783407894770303 1.1931822835754704 -0.14989315649358237 0.089221023282697126 0.051007327389717104 0.25293375003863783 -0.26434199277311565 -0.24883855361204879 0.069856833760337592 0.12537339432537556 0.043198918753557587 -0.30117900049686436 -0.055154392528533942 0.057743642716518329 -0.12435675385323437 -0.010158834321158272 0.23112726040375539 -0.059105613951881728 -0.17029249803964483 -0.0020812313123182817 -0.15681042304039003 -0.19922452664375306 -0.030044922709465027 -0.36031087086118502 -0.21799935508232848 -0.12318281755447387
leaf_weight=38 30 37 41 31 25 34 32 26 29 40 44 25 25 31 44 35 39 33 43 33 25 25 25 29 26 25
leaf_count=38 30 37 41 31 25 34 32 26 29 40 44 25 25 31 44 35 39 33 43 33 25 25 25 29 26 25
internal_value=-0.00981223 0.128981 0.344877 -0.0763765 -0.133168 0.0430767 -0.181017 -0.0869146 -0.0588539 0.114192 -0.0503058 -0.254374 0.0247677 -0.0204594 -0.0437699 -0.0737627 0.177581 -0.000645881 -0.218298 -0.111259 -0.0962425 -0.127316 -0.103346 -0.309967 -0.258774 -0.139997
internal_weight=870 282 141 588 453 104 318 141 70 135 115 155 56 135 104 79 79 77 94 163 133 100 75 61 51 50
internal_count=870 282 141 588 453 104 318 141 70 135 115 155 56 135 104 79 79 77 94 163 133 100 75 61 51 50
is_linear=0
shrinkage=0.04


Tree=7
num_leaves=27
num_cat=0
split_feature=9 9 9 9 9 2 9 4 9 4 9 9 9 6 4 4 9 4 4 5 4 9 5 9 6 6
split_gain=4783.77 8311.15 2429.76 1691.2 2591.33 1252.54 608.725 556.334 551.413 344.29 347.436 211.88 209.721 181.113 199.73 158.328 174.221 140.172 136.585 136.018 108.483 100.315 85.1521 34.9356 26.4881 16.9496
threshold=0.3876233021160812 0.52200600409929165 1.2611108650069494 0.11885789814966023 1.0000000180025095e-35 1.0000000180025095e-35 -0.35148155879157633 0.66843535391279729 0.25324060013287075 1.0216665933461864 -1.2249691216824441 1.5298762689733703 -0.62024696275799729 -0.37962991198758139 0.05941597557936841 -0.42779952708737462 -0.82182101573281285 -0.68358766598741461 -0.050207512520648777 -0.71349052288507664 0.71715690417947164 0.99234546104052834 1.1378206180301593 -0.48586426077478684 -0.49331924627226525 0.30250609372052223
decision_type=2 2 2 2 2 2 2 2 2 2 2 2 2 2 2 2 2 2 2 2 2 2 2 2 2 2
left_child=3 -2 5 4 6 -3 9 17 -5 10 13 20 15 -1 -15 24 18 -7 -17 -13 -4 -19 25 -14 -12 -8
right_child=1 2 11 8 -6 7 22 -9 -10 -11 12 19 23 14 -16 16 -18 21 -20 -21 -22 -23 -24 -25 -26 -27
leaf_value=-0.063416919323705856 0.68329929315381577 0.15707342687692191 0.092776003029101925 -0.38061805853673392 0.28520106333674805 -0.21627842973574607 -0.23568373603820802 0.013494057191742792 -0.15270889991160597 0.040232880671198172 -0.04507152947187424 0.18092377309445984 -0.13659368205815553 -0.26271980630026925 -0.11390965485945344 0.039278797444242695 0.08468899660038226 -0.16131743721059852 -0.08251117981093771 0.31040527057647704 0.19951628273725511 -0.058793560908390927 -0.13034563828917112 -0.078363015020594881 -0.1012555599623713 -0.18910537819862366
leaf_weight=31 36 37 39 35 33 38 25 45 33 48 25 27 32 27 31 26 33 37 34 25 25 26 34 34 29 25
leaf_count=31 36 37 39 35 33 38 25 45 33 48 25 27 32 27 31 26 33 37 34 25 25 26 34 34 29 25
internal_value=-0.00941974 0.109113 0.0399807 -0.0836415 -0.0565036 -0.0508033 -0.0824857 -0.103484 -0.270015 -0.059278 -0.0750943 0.1832 -0.0473612 -0.141467 -0.183183 -0.0207659 0.0108667 -0.155604 -0.0297355 0.243174 0.134471 -0.119006 -0.179184 -0.106596 -0.0752444 -0.212395
internal_weight=870 335 299 535 467 183 434 146 68 350 302 116 213 89 58 147 93 101 60 52 64 63 84 66 54 50
internal_count=870 335 299 535 467 183 434 146 68 350 302 116 213 89 58 147 93 101 60 52 64 63 84 66 54 50
is_linear=0
shrinkage=0.04


Tree=8
num_leaves=24
num_cat=0
split_feature=8 9 9 9 9 4 9 9 9 9 4 0 7 4 8 4 4 9 4 9 4 8 4
split_gain=4628.49 7357.74 20843.8 3486.83 1425.63 1234.44 529.614 462.943 456.954 394.458 311.735 299.582 290.829 228.988 132.011 120.629 111.808 81.2284 123.276 84.7953 76.1985 66.8334 61.4149
threshold=-0.63134183865453442 1.0000000180025095e-35 0.45481465310768643 0.92515411004892301 -0.082716154825155472 0.095957138279374146 0.52200600409929165 1.3283022159985547 -0.35148155879157633 1.2611108650069494 0.60144322229612024 0.74913504757291582 -1.1992766638071075 -0.46434068978738036 1.0000000180025095e-35 0.94858426794617456 -0.42779952708737462 -0.62024696275799729 -0.39125836438736888 -1.2249691216824441 -0.20855255088734023 1.0000000180025095e-35 1.3139958949462318
decision_type=2 2 2 2 2 2 2 2 2 2 2 2 2 2 2 2 2 2 2 2 2 2 2
left_child=1 8 -3 4 10 -4 11 -7 12 15 17 21 -1 -8 -11 -5 -14 19 -19 -2 -21 -6 -12
right_child=3 2 5 9 6 7 13 -9 -10 14 22 -13 16 -15 -16 -17 -18 18 -20 20 -22 -23 -24
leaf_value=-0.1330001549422741 -0.117839505889199 1.1438703226398779 -0.11938052389356825 -0.03036993726094564 -0.26828989779425633 0.052283354593861492 -0.19494325454170638 0.2766662790519851 -0.23157985953184274 0.11200432145595551 -0.02487261246551167 -0.37905979271729784 -0.066489653541491583 -0.046232485155264541 0.21542705619086822 0.087345118797742413 0.036132661082914901 -0.080680798947811119 -0.17626003873975651 -0.084945739279402063 -0.01080540642851875 -0.19324342544262227 0.057328765389437861
leaf_weight=40 44 37 45 30 37 31 37 28 26 40 33 30 26 30 39 26 49 50 38 47 42 39 26
leaf_count=40 44 37 45 30 37 31 37 28 26 40 33 30 26 30 39 26 49 50 38 47 42 39 26
internal_value=-0.00904295 0.124182 0.3285 -0.0729363 -0.126111 0.0384165 -0.216387 0.15877 -0.080137 0.105494 -0.0703335 -0.272028 -0.0458977 -0.128356 0.163061 0.0242835 0.000556925 -0.0921409 -0.121954 -0.0724152 -0.0499582 -0.229779 0.0113517
internal_weight=870 282 141 588 453 104 173 59 141 135 280 106 115 67 79 56 75 221 88 133 89 76 59
internal_count=870 282 141 588 453 104 173 59 141 135 280 106 115 67 79 56 75 221 88 133 89 76 59
is_linear=0
shrinkage=0.04


Tree=9
num_leaves=26
num_cat=0
split_feature=9 9 7 9 9 2 7 9 0 9 7 6 6 9 9 9 0 6 6 9 8 6 0 9 6
split_gain=4285.56 7686.39 2317.45 1701.17 2264.43 560.397 534.459 494.992 416.263 442.45 317.024 274.649 190.11 119.319 115.987 133.067 115.054 108.386 103.921 107.743 85.8579 66.2499 63.6824 8.12561 4.82675
threshold=0.3876233021160812 0.52200600409929165 1.1445794666770477 0.11885789814966023 1.0000000180025095e-35 1.0000000180025095e-35 -0.32033061487554942 0.25324060013287075 -0.7491350475729156 1.5298762689733703 0.85159745036652823 -0.72069791484163315 -1.2891445862650526 1.3283022159985547 -1.2921604726740494 -0.62024696275799729 -1.0000000180025095e-35 0.30250609372052223 0.87095276514394182 -1.0233950687076285 -0.63134183865453442 0.18881675943583826 1.0000000180025095e-35 -0.41867290978318161 -1.0617659176956848
decision_type=2 2 2 2 2 2 2 2 2 2 2 2 2 2 2 2 2 2 2 2 2 2 2 2 2
left_child=3 -2 5 4 6 -3 11 -5 -4 13 21 12 -1 -10 20 18 -8 -12 19 -16 -13 -7 -22 -17 -14
right_child=1 2 8 7 -6 10 16 -9 9 -11 17 14 24 -15 15 23 -18 -19 -20 -21 22 -23 -24 -25 -26
leaf_value=-0.061505836384163966 0.65569317781262926 0.071461214396883466 0.2628982552140951 -0.37064563901083808 0.26771063941897771 -0.20326260429162246 -0.23005270472727715 -0.15471084042480499 -3.2992871368632596e-05 0.2294335912956911 0.022179485797882079 -0.1760156074276677 0.035306510624289515 0.10248620328230736 -0.061451838203838892 -0.12455914231141409 -0.13037092940373854 -0.094467691733286938 -0.086944924582328123 0.032587081505493685 -0.13338587944507599 -0.12343080742605801 -0.043973421179331264 -0.094312099483278067 0.058763911966234449
leaf_weight=45 36 34 39 35 33 39 32 33 34 34 25 27 25 39 35 30 44 26 42 44 25 29 26 27 32
leaf_count=45 36 34 39 35 33 39 32 33 34 34 25 27 25 39 35 30 44 26 42 44 25 29 26 27 32
internal_value=-0.00868123 0.10351 0.0370264 -0.0789318 -0.051714 -0.0717564 -0.0760021 -0.265854 0.151025 0.110248 -0.112676 -0.05555 -4.56342e-05 0.0547375 -0.077665 -0.059842 -0.172342 -0.0372877 -0.0361047 -0.00907573 -0.118338 -0.169217 -0.0878031 -0.110232 0.0484756
internal_weight=870 335 299 535 467 153 434 68 146 107 119 358 102 73 256 178 76 51 121 79 78 68 51 57 57
internal_count=870 335 299 535 467 153 434 68 146 107 119 358 102 73 256 178 76 51 121 79 78 68 51 57 57
is_linear=0
shrinkage=0.04


Tree=10
num_leaves=25
num_cat=0
split_feature=9 9 9 7 9 9 2 9 4 7 4 8 9 9 4 9 4 0 4 7 4 9 4 4
split_gain=4313.5 17383.2 2572.64 2516.6 1926.39 970.942 857.975 1280.46 268.839 354.049 263.738 195.772 301.715 190.606 125.039 120.27 144.061 115.834 83.2295 67.6081 65.6373 59.6411 55.749 5.9721
threshold=0.32043195112447598 0.45481465310768643 0.11885789814966023 0.85159745036652823 1.0000000180025095e-35 -0.35148155879157633 1.0000000180025095e-35 1.3283022159985547 0.022874812879362678 -1.1992766638071075 -0.68358766598741461 1.0000000180025095e-35 1.5298762689733703 -0.62024696275799729 1.106929306312866 -1.157777770690839 1.3139958949462318 1.0000000180025095e-35 -0.40343875195403744 1.1445794666770477 -0.97591696758746049 -0.14990750581676068 0.5588118658127802 -0.75666999138742608
decision_type=2 2 2 2 2 2 2 2 2 2 2 2 2 2 2 2 2 2 2 2 2 2 2 2
left_child=2 -2 4 10 5 8 -5 14 9 -1 20 12 -9 18 19 16 22 -17 23 -8 -3 -7 -10 -11
right_child=1 3 -4 6 -6 21 7 11 15 13 -12 -13 -14 -15 -16 17 -18 -19 -20 -21 -22 -23 -24 -25
leaf_value=-0.16641227260852856 0.93884923481278948 -0.25878299841514002 -0.36510843128628201 0.30275078216997481 0.25631275961475991 -0.1657144932543978 -0.11017087659320315 0.033932032678276304 -0.018198470950126649 -0.058449908208847046 -0.079813538335618522 0.23729769580704826 0.21206716120243074 -0.10549035214647955 0.024371898750464124 0.089708515746252881 0.047831656540242531 -0.019444539844989776 0.029513883692152958 -0.030089402102654979 -0.17260322813064821 -0.23526286098886939 -0.095520559839300218 -0.030801606357097625
leaf_weight=48 36 26 45 26 31 47 37 32 25 25 42 35 29 49 30 35 26 28 47 31 31 34 37 25
leaf_count=48 36 26 45 26 31 47 37 32 25 25 42 35 29 49 30 35 26 28 47 31 31 34 37 25
internal_value=-0.00107442 0.10564 -0.0765396 0.0116099 -0.0481248 -0.0702787 0.0869763 0.058058 -0.041018 -0.0721699 -0.155871 0.161887 0.118619 -0.041186 -0.0436524 -0.000995023 -0.0312 0.041196 -0.00870243 -0.0736631 -0.211913 -0.194908 -0.0643423 -0.0446258
internal_weight=857 355 502 319 457 426 220 194 345 194 99 96 61 146 98 151 88 63 97 68 57 81 62 50
internal_count=857 355 502 319 457 426 220 194 345 194 99 96 61 146 98 151 88 63 97 68 57 81 62 50
is_linear=0
shrinkage=0.04


Tree=11
num_leaves=27
num_cat=0
split_feature=8 9 9 7 9 9 9 9 5 9 9 1 8 6 9 9 9 6 6 8 6 9 8 6 6 6
split_gain=4041.33 6097.35 23183.3 3127.32 1704.01 908.588 505.883 409.107 387.7 362.57 352.895 209.594 149.95 131.857 129.642 123.222 106.908 101.726 246.107 106.632 76.2499 38.0329 74.0812 34.6766 15.3746 0.733805
threshold=-0.63134183865453442 1.0000000180025095e-35 0.45481465310768643 0.85159745036652823 -0.35148155879157633 0.99234546104052834 -0.35148155879157633 0.52200600409929165 -0.71349052288507664 1.3954935669901598 -0.082716154825155472 1.0000000180025095e-35 1.0000000180025095e-35 0.075127425151154323 -0.62024696275799729 -0.82182101573281285 1.3954935669901598 0.64357409657457409 -0.60700858055694906 1.0000000180025095e-35 -0.60700858055694906 1.2611108650069494 1.0000000180025095e-35 0.41619542800520609 0.64357409657457409 0.075127425151154323
decision_type=2 2 2 2 2 2 2 2 2 2 2 2 2 2 2 2 2 2 2 2 2 2 2 2 2 2
left_child=1 6 -3 4 14 -4 8 10 -1 21 -6 12 -12 -9 15 17 -7 18 19 -2 -10 22 -5 -11 -22 -20
right_child=3 2 5 9 7 16 -8 13 20 23 11 -13 -14 -15 -16 -17 -18 -19 25 -21 24 -23 -24 -25 -26 -27
leaf_value=-0.13951919691903253 0.036172853148344793 1.1225070571899414 -0.13602691690972513 0.077235448591170777 -0.14476459556665178 0.052526114284992216 -0.21542847814231084 -0.18436042804718017 0.076376202312799596 0.14655504609857287 -0.31043160438537598 -0.37729904964052396 -0.18979196357376435 -0.059976988678177197 -0.10941764041071846 0.039811451882123948 0.15897078046431909 0.0075197493739244418 -0.12745089304447174 -0.068024363495719928 0.014343648812285177 0.089320851403474802 -0.006592070411991429 0.21070692626329568 -0.028343285719553628 -0.13714248671531679
leaf_weight=35 33 40 47 31 39 36 29 25 26 28 32 29 34 30 42 32 26 41 25 30 27 25 37 26 27 25
leaf_count=35 33 40 47 31 39 36 29 25 26 28 32 29 34 30 42 32 26 41 25 30 27 25 37 26 27 25
internal_value=-0.00103145 0.119483 0.298867 -0.0636389 -0.119563 -0.0033861 -0.0661306 -0.208373 -0.0284816 0.0950023 -0.246076 -0.287667 -0.248284 -0.116515 -0.0459435 -0.0316107 0.0971642 -0.0464516 -0.0660342 -0.0134449 0.0200974 0.0471335 0.0316234 0.177443 -0.00699982 -0.132297
internal_weight=857 293 149 564 417 109 144 189 115 147 134 95 66 55 228 186 62 154 113 63 80 93 68 54 54 50
internal_count=857 293 149 564 417 109 144 189 115 147 134 95 66 55 228 186 62 154 113 63 80 93 68 54 54 50
is_linear=0
shrinkage=0.04


Tree=12
num_leaves=26
num_cat=0
split_feature=9 9 9 9 7 9 2 9 9 8 9 7 9 9 5 9 5 8 0 5 9 0 0 0 5
split_gain=3890.86 11437.5 1536.92 1673.22 1429.26 822.782 810.153 1121.64 711.479 179.775 272.901 174.882 214.821 151.926 108.663 102.016 81.8588 66.0579 52.8697 43.5575 42.9016 40.9432 19.3501 0.201442 0.0137642
threshold=0.3876233021160812 0.52200600409929165 0.11885789814966023 1.0000000180025095e-35 0.85159745036652823 -0.35148155879157633 1.0000000180025095e-35 1.3283022159985547 0.25324060013287075 1.0000000180025095e-35 1.5298762689733703 -1.1992766638071075 -0.62024696275799729 0.6563887060825021 0.67499283280135014 -1.4265431746572599 0.67499283280135014 -0.63134183865453442 1.0000000180025095e-35 -2.1019738785715032 1.1267281630237389 -1.0000000180025095e-35 -1.0000000180025095e-35 1.0000000180025095e-35 1.0000000180025095e-35
decision_type=2 2 2 2 2 2 2 2 2 2 2 2 2 2 2 2 2 2 2 2 2 2 2 2 2
left_child=2 -2 3 5 13 11 -6 20 -4 10 -9 15 14 -3 21 19 -7 -14 -16 -1 -8 -13 -17 -22 -23
right_child=1 4 8 -5 6 16 7 9 -10 -11 -12 12 17 -15 18 22 -18 -19 -20 -21 23 24 -24 -25 -26
leaf_value=-0.084567144137841679 0.80053468248423421 -0.046297044865787028 -0.39579913921654225 0.23965797470461936 0.28985674211612117 -0.21724543640779895 -0.070124082763989765 0.027253531217575074 -0.12664948635932172 0.22152166141782487 0.19666902398240979 0.018308454438530165 -0.023913892324154196 -0.15748419297092101 0.082712593240042528 -0.14110654616355897 -0.13666877542671405 -0.10504093373992614 0.010813512350122135 -0.021294122642400316 -0.014642707681655884 -0.040769983005523688 -0.093808287122557246 -0.019720560979843142 -0.04209731698036194
leaf_weight=27 34 32 30 31 26 43 48 32 33 35 29 29 26 51 36 25 38 42 30 49 25 25 31 25 25
leaf_count=27 34 32 30 31 26 43 48 32 33 35 29 29 26 51 36 25 38 42 30 49 25 25 31 25 25
internal_value=-0.000990188 0.104881 -0.069603 -0.0440704 0.0268212 -0.0647173 0.0801819 0.0520811 -0.254816 0.149258 0.107795 -0.0377815 -0.0153622 -0.114617 0.012147 -0.0739579 -0.179444 -0.0740218 0.0500312 -0.0437727 -0.0431126 -0.019503 -0.114924 -0.0171816 -0.0414336
internal_weight=857 337 520 457 303 426 220 194 63 96 61 345 213 83 145 132 81 68 66 76 98 79 56 50 50
internal_count=857 337 520 457 303 426 220 194 63 96 61 345 213 83 145 132 81 68 66 76 98 79 56 50 50
is_linear=0
shrinkage=0.04


Tree=13
num_leaves=27
num_cat=0
split_feature=8 7 7 4 4 7 4 7 4 7 4 7 0 5 6 4 4 0 8 7 7 4 5 6 6 0
split_gain=3718.74 4918.45 13354.7 9252.29 3057.22 984.922 758.392 705.745 621.312 484.034 437.008 416.788 366.698 339.244 227.015 225.173 264.318 179.679 147.313 126.67 137.997 131.271 117.133 100.999 93.2185 83.3696
threshold=-0.63134183865453442 1.0000000180025095e-35 0.55861543405600889 -0.6714072784207461 0.022874812879362678 1.1445794666770477 0.083776750712705572 1.0000000180025095e-35 1.8438427540963152 1.4375614829875671 -0.36689758925403171 0.55861543405600889 -0.7491350475729156 0.67499283280135014 -0.26594057770289742 0.69279612904613452 0.30302372691273999 0.74913504757291582 1.0000000180025095e-35 -0.61331263118606871 -1.1992766638071075 -0.46434068978738036 1.0000000180025095e-35 0.30250609372052223 1.0000000180025095e-35 1.0000000180025095e-35
decision_type=2 2 2 2 2 2 2 2 2 2 2 2 2 2 2 2 2 2 2 2 2 2 2 2 2 2
left_child=1 10 3 -3 5 7 -4 19 9 12 14 17 -6 -12 -1 16 -14 18 -9 20 -2 -21 -17 -8 -13 -22
right_child=4 2 6 -5 8 -7 23 11 -10 -11 13 24 15 -15 -16 22 -18 -19 -20 21 25 -23 -24 -25 -26 -27
leaf_value=-0.048824690532684331 -0.14131224699318409 0.27182702871469355 -0.12384205068860736 1.349564847946167 0.099501671573768061 0.093644496246620454 0.052094744714823636 -0.30541346789470741 0.23984141674041748 0.189781955492038 -0.076537211643798009 -0.18827242483695347 -0.0017583187917868295 0.085210548061423183 -0.20862385121258822 0.079652152499184017 -0.15612987048285348 -0.36195290865642682 -0.17883881188208059 -0.10180542123776444 -0.079380798701729094 -0.21247532395301044 -0.033475403609099209 0.15750962807581975 -0.082156512255852035 0.013221339774983271
leaf_weight=25 31 26 42 25 48 27 33 28 25 26 42 27 36 41 33 32 35 28 31 47 35 27 27 26 26 28
leaf_count=25 31 26 42 25 48 27 33 28 25 26 42 27 36 41 33 32 35 28 31 47 35 27 27 26 26 28
internal_value=-0.000950583 0.114654 0.272498 0.80013 -0.0610074 -0.138005 0.00606941 -0.158312 0.0516316 0.0285667 -0.0555045 -0.224641 0.00501836 0.00336228 -0.139745 -0.0298678 -0.077857 -0.278509 -0.238908 -0.103039 -0.0722214 -0.142185 0.0278819 0.0985488 -0.136216 -0.0382243
internal_weight=857 293 152 51 564 335 101 308 229 204 141 140 178 83 58 130 71 87 59 168 94 74 59 59 53 63
internal_count=857 293 152 51 564 335 101 308 229 204 141 140 178 83 58 130 71 87 59 168 94 74 59 59 53 63
is_linear=0
shrinkage=0.04


Tree=14
num_leaves=27
num_cat=0
split_feature=9 9 4 9 6 5 9 5 9 9 4 4 9 4 5 9 4 6 5 4 6 4 4 4 4 4
split_gain=3502.26 10391 1543.49 1254.47 843.611 3059.92 688.263 647.723 814.781 532.742 493.531 467.904 433.146 283.65 217.022 243.845 183.662 170.378 130.823 206.334 109 91.3425 89.7789 41.8391 23.3236 16.2101
threshold=0.3876233021160812 0.52200600409929165 -0.82975231678743755 0.99234546104052834 -0.49331924627226525 -0.71349052288507664 -0.082716154825155472 -0.25066273765626779 -0.55305561176639195 -0.55305561176639195 0.022874812879362678 1.8012113976129751 1.4626849179817649 -1.0733600681208089 1.0000000180025095e-35 -0.6874383137496024 0.05941597557936841 0.52988476228989012 1.0000000180025095e-35 0.72933729174614026 0.52988476228989012 -0.086748675220654506 0.26648256421273425 -0.22073293845400885 0.035055200446031262 -0.72012882868742045
decision_type=2 2 2 2 2 2 2 2 2 2 2 2 2 2 2 2 2 2 2 2 2 2 2 2 2 2
left_child=2 -2 9 10 5 -4 14 -7 21 -1 17 12 18 -11 16 24 -6 25 19 -5 -18 -9 -14 -17 -16 -3
right_child=1 3 4 11 6 7 -8 8 -10 13 -12 -13 22 -15 15 23 20 -19 -20 -21 -22 -23 -24 -25 -26 -27
leaf_value=-0.062764101752213072 0.76259810700136077 -0.19806875679228042 0.41182797672997773 -0.0086496432407482254 -0.15162972539663316 0.1292412492412108 -0.22663088788346547 -0.038044793616448129 -0.21979746534065769 -0.18492831691648021 0.046345370769500731 0.24991817250251772 0.10340109606583914 -0.34728418601883781 0.027714020609855651 -0.091913176195962093 -0.10391379999262947 -0.054192849482808801 -0.036586988180182703 0.13527076220938139 0.0026599628664553164 0.066073640951743492 0.20562854800905503 -0.029611155495924107 0.081331644135713574 -0.15336928000450134
leaf_weight=28 34 27 29 37 45 27 41 28 44 33 35 25 27 36 27 35 28 28 43 28 34 26 28 34 25 25
leaf_count=28 34 27 29 37 45 27 41 28 44 33 35 25 27 36 27 35 28 28 43 28 34 26 28 34 25 25
internal_value=-0.000912559 0.099533 -0.066009 0.0251297 -0.0330081 0.04165 -0.0757492 -0.0442313 -0.0920248 -0.20992 -0.0789339 0.0887856 0.064072 -0.269636 -0.0486169 -0.0119188 -0.0901167 -0.133744 0.0175399 0.0533468 -0.0454701 0.0120863 0.155444 -0.0612136 0.0534917 -0.176579
internal_weight=857 337 520 303 423 154 269 125 98 97 115 188 163 69 228 121 107 80 108 65 62 54 55 69 52 52
internal_count=857 337 520 303 423 154 269 125 98 97 115 188 163 69 228 121 107 80 108 65 62 54 55 69 52 52
is_linear=0
shrinkage=0.04


Tree=15
num_leaves=25
num_cat=0
split_feature=8 6 7 7 7 4 7 7 7 4 6 4 7 7 5 7 6 6 5 4 4 6 4 4
split_gain=1880.34 2627.16 4124.79 14726.1 2125.88 1912.33 972.268 378.398 278.687 261.918 261.411 446.47 340.417 277.006 162.737 228.661 161.354 122.738 267.307 146.989 51.2139 70.7525 17.2957 7.06324
threshold=-0.63134183865453442 0.52988476228989012 1.0000000180025095e-35 0.55861543405600889 0.85159745036652823 -0.15983100062066594 -0.32033061487554942 1.1445794666770477 1.4375614829875671 1.4236193830462491 0.64357409657457409 -0.96373658002079188 0.55861543405600889 1.0000000180025095e-35 -0.25066273765626779 -0.61331263118606871 -0.60700858055694906 0.41619542800520609 1.0000000180025095e-35 0.60144322229612024 -0.15983100062066594 -0.83438724912631701 0.26648256421273425 -0.74448960382075746
decision_type=2 2 2 2 2 2 2 2 2 2 2 2 2 2 2 2 2 2 2 2 2 2 2 2
left_child=1 2 14 -4 6 -3 17 -5 9 16 11 -8 13 -13 -1 -16 -6 19 -19 20 21 -2 -10 -12
right_child=4 5 3 7 8 -7 10 -9 22 -11 23 12 -14 -15 15 -17 -18 18 -20 -21 -22 -23 -24 -25
leaf_value=-0.12870267629623414 -0.073172209487695788 -0.2989046640925937 1.0658068027496339 -0.10249345335093411 -0.094170542001724256 0.067851139865815646 -0.33131127993265785 0.092126069838000882 0.11859208613634109 0.13827383219003678 -0.088557829062143961 -0.11548868060112 -0.04864930148919424 -0.26742245732496184 0.067977800388489995 -0.083311578884419188 0.030710785109169629 -0.089188426039939706 0.048130686419705554 0.0022136755983034771 -0.065871599151733073 -0.15795168884926372 0.16518904480934143 -0.11578747810636247
leaf_weight=26 28 45 30 33 25 46 33 31 26 25 27 32 30 48 31 33 49 43 48 30 47 36 25 35
leaf_count=26 28 45 30 33 25 46 33 31 26 25 27 32 30 48 31 33 49 43 48 30 47 36 25 35
internal_value=-0.0240223 0.062291 0.149237 0.334551 -0.0644586 -0.113512 -0.109057 -0.00822462 0.0654702 0.0263375 -0.172528 -0.20227 -0.163558 -0.206649 -0.0443138 -0.0100308 -0.0114789 -0.0529718 -0.0167564 -0.0763449 -0.097577 -0.120861 0.141434 -0.103929
internal_weight=862 275 184 94 587 91 437 64 150 99 205 143 110 80 90 64 74 232 91 141 111 64 51 62
internal_count=862 275 184 94 587 91 437 64 150 99 205 143 110 80 90 64 74 232 91 141 111 64 51 62
is_linear=0
shrinkage=0.04


Tree=16
num_leaves=26
num_cat=0
split_feature=9 8 6 9 7 4 4 7 9 4 5 9 5 9 9 5 6 5 4 0 4 6 9 4 4
split_gain=1854.66 1908.84 3175.91 5159.4 16489.2 1157.96 1111.48 505.818 718.551 263.458 256.787 284.747 230.894 182.705 387.411 271.263 177.705 161.537 139.067 110.325 88.8807 165.739 83.6896 56.9121 33.1747
threshold=1.3283022159985547 -0.63134183865453442 0.52988476228989012 1.0000000180025095e-35 0.55861543405600889 -0.14765061305399738 0.010694425312694102 1.0000000180025095e-35 0.52200600409929165 1.6672271343796206 -0.25066273765626779 -0.55305561176639195 -0.25066273765626779 -0.9562037177160233 -0.55305561176639195 1.0000000180025095e-35 0.41619542800520609 -0.71349052288507664 -0.59832495302073463 -1.0000000180025095e-35 -0.35471720168736315 -0.83438724912631701 -1.4265431746572599 -0.68358766598741461 -0.85411309192077478
decision_type=2 2 2 2 2 2 2 2 2 2 2 2 2 2 2 2 2 2 2 2 2 2 2 2 2
left_child=1 2 3 10 -5 -4 7 16 12 13 -1 -12 -9 22 -15 -16 20 -2 -18 -19 21 -3 -8 -10 -14
right_child=17 6 5 4 -6 -7 9 8 23 -11 11 -13 24 14 15 -17 18 19 -20 -21 -22 -23 -24 -25 -26
leaf_value=-0.1531121038568431 0.068937485747867164 -0.02395478238662084 -0.30370851976926938 1.1823358634666159 -0.053293351580699283 0.011299648036559423 -0.038497130274772647 -0.17635702883726673 -0.11691260377566019 0.10481136421539955 0.062444749345650544 -0.1083980452131342 -0.26912359113693241 0.13302681605021158 0.05709976049569937 -0.10586417134512555 0.040435720246571764 0.23451973720586725 -0.078993212626530571 0.12987964820312825 -0.1708513455837965 -0.14313038246576176 -0.13719689598789922 -0.043597988784313202 -0.33062091428786516
leaf_weight=29 36 33 43 27 48 33 28 38 36 28 37 27 25 27 26 44 26 28 39 38 32 43 27 32 32
leaf_count=29 36 33 43 27 48 33 28 38 36 28 37 27 25 27 26 44 26 28 39 38 32 43 27 32 32
internal_value=-0.0230614 -0.0445561 0.0476306 0.144693 0.391533 -0.166929 -0.0881483 -0.131117 -0.181678 -0.00794013 -0.0543714 -0.00962955 -0.252732 -0.0287101 0.00431231 -0.0453347 -0.0834784 0.137095 -0.0312216 0.174272 -0.114929 -0.0913831 -0.0869497 -0.0824116 -0.303648
internal_weight=862 760 244 168 75 76 516 336 163 180 93 64 95 152 97 70 173 102 65 66 108 76 55 68 57
internal_count=862 760 244 168 75 76 516 336 163 180 93 64 95 152 97 70 173 102 65 66 108 76 55 68 57
is_linear=0
shrinkage=0.04


Tree=17
num_leaves=25
num_cat=0
split_feature=8 6 5 4 7 4 7 0 7 7 6 4 7 7 4 0 6 7 6 4 6 6 6 0
split_gain=1601.46 2219.6 3883.76 5930.32 1819.61 1635.34 834.126 386.788 499.497 237.01 230.586 406.233 289.984 232.544 225.582 143.224 140.559 118.809 180.174 139.024 137.707 65.1397 34.7143 19.0011
threshold=-0.63134183865453442 0.52988476228989012 -0.25066273765626779 -0.46434068978738036 0.85159745036652823 -0.15983100062066594 -0.32033061487554942 0.74913504757291582 -0.32033061487554942 1.4375614829875671 0.64357409657457409 -0.96373658002079188 0.55861543405600889 1.0000000180025095e-35 1.4236193830462491 1.0000000180025095e-35 -0.60700858055694906 -1.1992766638071075 0.18881675943583826 0.022874812879362678 -0.83438724912631701 0.98464209942862591 0.18881675943583826 1.0000000180025095e-35
decision_type=2 2 2 2 2 2 2 2 2 2 2 2 2 2 2 2 2 2 2 2 2 2 2 2
left_child=1 2 3 -1 6 -3 17 8 -4 14 11 -8 13 -13 16 -12 -6 19 20 -2 -19 -20 -21 -11
right_child=4 5 7 -5 9 -7 10 -9 -10 23 15 12 -14 -15 -16 -17 -18 18 21 22 -22 -23 -24 -25
leaf_value=0.74884098501766427 -0.15189516965299846 -0.27551678813828362 0.042218819652284897 0.041920036715130476 -0.087613409042358412 0.06363959405409253 -0.31052916837461064 0.097968767262063924 -0.16469679593294859 0.10686162166870558 -0.03990806544528288 -0.10676021032035352 -0.044457693974177044 -0.24596755238870782 0.12854324996471406 -0.16207262584141321 0.028943086843177371 -0.011958721222149001 0.057820404271284744 -0.016992300779655065 -0.11979484930634499 -0.020614819787442683 -0.080019444977795631 0.15570183277130129
leaf_weight=34 32 45 35 43 25 46 33 32 40 26 34 32 30 48 25 28 49 36 36 29 40 32 27 25
leaf_count=34 32 45 35 43 25 46 33 32 40 26 34 32 30 48 25 28 49 36 36 29 40 32 27 25
internal_value=-0.0221389 0.0575168 0.137434 0.354067 -0.0594563 -0.104075 -0.100717 -0.0184599 -0.0681362 0.0607494 -0.159507 -0.18744 -0.150514 -0.190285 0.0246612 -0.0950792 -0.0104341 -0.0487689 -0.026392 -0.0853858 -0.0687146 0.0209097 -0.0473804 0.130803
internal_weight=862 275 184 77 587 91 437 107 75 150 205 143 110 80 99 62 74 232 144 88 76 68 56 51
internal_count=862 275 184 77 587 91 437 107 75 150 205 143 110 80 99 62 74 232 144 88 76 68 56 51
is_linear=0
shrinkage=0.04


Tree=18
num_leaves=28
num_cat=0
split_feature=9 2 5 6 9 9 6 9 9 4 9 0 4 6 6 6 5 4 4 0 5 6 6 4 6 4 4
split_gain=1614.8 1238.13 855.223 2316.8 4694.1 1520.97 3551.36 1150.13 863.085 430.344 306.657 419.761 343.491 214.642 156.356 298.805 155.095 135.758 112.523 105.217 76.8801 123.546 74.7326 33.5429 27.2634 16.0079 0.10686
threshold=1.3283022159985547 -2.9592882694284057 -0.25066273765626779 -0.49331924627226525 1.0000000180025095e-35 0.32043195112447598 0.52988476228989012 -0.35148155879157633 0.72358005707410744 -0.33035642655402603 -0.082716154825155472 0.74913504757291582 -0.85411309192077478 0.52988476228989012 0.18881675943583826 -0.83438724912631701 -0.71349052288507664 -0.22073293845400885 0.24212178907939708 -1.0000000180025095e-35 1.0000000180025095e-35 -0.60700858055694906 0.075127425151154323 0.81460000471282024 -0.37962991198758139 -0.28163487628735168 0.083776750712705572
decision_type=2 2 2 2 2 2 2 2 2 2 2 2 2 2 2 2 2 2 2 2 2 2 2 2 2 2 2
left_child=1 -1 3 4 -3 9 -7 14 10 13 22 12 -12 -5 15 25 -2 -16 -19 -18 -10 -22 -9 26 -17 -4 -11
right_child=16 2 7 5 -6 6 -8 8 20 23 11 -13 -14 -15 17 24 19 18 -20 -21 21 -23 -24 -25 -26 -27 -28
leaf_value=0.22470469223128425 0.061403660774230956 -0.070625731209491158 0.052110865557193756 -0.32167005558013922 0.5517821818409544 0.40204988185564683 -0.21871005740658991 -0.15881540148723416 -0.085707790553569793 -0.10519205346107484 -0.18957345817238092 -0.11005860282977421 -0.36444207662489353 -0.15901511541119329 -0.029076931876571559 -0.13145955613681248 0.22345311492681505 0.13139041900634765 0.012537751748011663 0.12126389923946639 -0.079992241030931471 0.038684593192301692 -0.071069857740402226 -0.051027393467151204 -0.077796049985018642 0.006844821453094483 -0.10889044516086578
leaf_weight=27 36 47 25 25 33 30 29 41 40 25 32 30 41 27 38 28 28 25 26 38 25 32 25 26 33 25 25
leaf_count=27 36 47 25 25 33 30 29 41 40 25 32 30 41 27 38 28 28 25 26 38 25 32 25 26 33 25 25
internal_value=-0.0212534 -0.0413101 -0.0511087 0.00597144 0.186118 -0.0710964 0.0969306 -0.0838134 -0.138303 -0.148546 -0.19289 -0.236022 -0.287787 -0.237215 -0.0113421 -0.0430112 0.128189 0.0281553 0.0707989 0.164617 -0.043198 -0.0133666 -0.125578 -0.0878786 -0.102428 0.0294778 -0.107041
internal_weight=862 760 733 267 80 187 59 466 266 128 169 103 73 52 200 111 102 89 51 66 97 57 66 76 61 50 50
internal_count=862 760 733 267 80 187 59 466 266 128 169 103 73 52 200 111 102 89 51 66 97 57 66 76 61 50 50
is_linear=0
shrinkage=0.04


end of trees

feature_importances:
Column_9=148
Column_4=101
Column_6=62
Column_7=54
Column_5=39
Column_0=37
Column_8=29
Column_2=7
Column_1=1

parameters:
[boosting: gbdt]
[objective: regression]
[metric: rmse]
[tree_learner: serial]
[device_type: cpu]
[data_sample_strategy: bagging]
[data: ]
[valid: ]
[num_iterations: 19]
[learning_rate: 0.04]
[num_leaves: 45]
[num_threads: 0]
[seed: 0]
[deterministic: 0]
[force_col_wise: 0]
[force_row_wise: 0]
[histogram_pool_size: -1]
[max_depth: -1]
[min_data_in_leaf: 25]
[min_sum_hessian_in_leaf: 0.001]
[bagging_fraction: 0.8]
[pos_bagging_fraction: 1]
[neg_bagging_fraction: 1]
[bagging_freq: 5]
[bagging_seed: 3]
[bagging_by_query: 0]
[feature_fraction: 0.8]
[feature_fraction_bynode: 1]
[feature_fraction_seed: 2]
[extra_trees: 0]
[extra_seed: 6]
[early_stopping_round: 0]
[early_stopping_min_delta: 0]
[first_metric_only: 0]
[max_delta_step: 0]
[lambda_l1: 0]
[lambda_l2: 0]
[linear_lambda: 0]
[min_gain_to_split: 0]
[drop_rate: 0.1]
[max_drop: 50]
[skip_drop: 0.5]
[xgboost_dart_mode: 0]
[uniform_drop: 0]
[drop_seed: 4]
[top_rate: 0.2]
[other_rate: 0.1]
[min_data_per_group: 100]
[max_cat_threshold: 32]
[cat_l2: 10]
[cat_smooth: 10]
[max_cat_to_onehot: 4]
[top_k: 20]
[monotone_constraints: ]
[monotone_constraints_method: basic]
[monotone_penalty: 0]
[feature_contri: ]
[forcedsplits_filename: ]
[refit_decay_rate: 0.9]
[cegb_tradeoff: 1]
[cegb_penalty_split: 0]
[cegb_penalty_feature_lazy: ]
[cegb_penalty_feature_coupled: ]
[path_smooth: 0]
[interaction_constraints: ]
[verbosity: -1]
[saved_feature_importance_type: 0]
[use_quantized_grad: 0]
[num_grad_quant_bins: 4]
[quant_train_renew_leaf: 0]
[stochastic_rounding: 1]
[linear_tree: 0]
[max_bin: 255]
[max_bin_by_feature: ]
[min_data_in_bin: 3]
[bin_construct_sample_cnt: 200000]
[data_random_seed: 1]
[is_enable_sparse: 1]
[enable_bundle: 1]
[use_missing: 1]
[zero_as_missing: 0]
[feature_pre_filter: 1]
[pre_partition: 0]
[two_round: 0]
[header: 0]
[label_column: ]
[weight_column: ]
[group_column: ]
[ignore_column: ]
[categorical_feature: ]
[forcedbins_filename: ]
[precise_float_parser: 0]
[parser_config_file: ]
[objective_seed: 5]
[num_class: 1]
[is_unbalance: 0]
[scale_pos_weight: 1]
[sigmoid: 1]
[boost_from_average: 1]
[reg_sqrt: 0]
[alpha: 0.9]
[fair_c: 1]
[poisson_max_delta_step: 0.7]
[tweedie_variance_power: 1.5]
[lambdarank_truncation_level: 30]
[lambdarank_norm: 1]
[label_gain: ]
[lambdarank_position_bias_regularization: 0]
[eval_at: ]
[multi_error_top_k: 1]
[auc_mu_weights: ]
[num_machines: 1]
[local_listen_port: 12400]
[time_out: 120]
[machine_list_filename: ]
[machines: ]
[gpu_platform_id: -1]
[gpu_device_id: -1]
[gpu_use_dp: 0]
[num_gpu: 1]

end of parameters

pandas_categorical:null
