tree
version=v4
num_class=1
num_tree_per_iteration=1
label_index=0
max_feature_idx=9
objective=regression
feature_names=Column_0 Column_1 Column_2 Column_3 Column_4 Column_5 Column_6 Column_7 Column_8 Column_9
feature_infos=[-1.4982700951458314:1.4982700951458314] [-0.63368320487849272:1.5780755940845042] [-7.3958776108082063:2.7448980266313372] [-0.26699649569399087:3.7453675090407055] [-1.6032069272708922:5.5710413494968991] [-3.721871126872335:3.2205456515597994] [-1.6870572562614465:1.7236227722790711] [-1.6387496882728867:1.5840524911428266] [-1.2456510737482795:1.2115858666267003] [-1.7289042541194837:1.6978546464523832]
tree_sizes=2119 2249 2422 2346 2246 2173 2425 2337 2260 2336 2409 2344 2355 2425 2420 2441 2508 2261 2250 2428 2252 2345 2344 2341 2345 2521 2513 2515 2606 2522 2431 2427 2438 2360 2414 2266

Tree=0
num_leaves=25
num_cat=0
split_feature=2 0 9 5 6 6 6 0 6 6 9 7 6 6 9 0 9 5 0 0 6 7 6 6
split_gain=13196.7 1137.81 686.387 1433.27 382.406 917.087 331.405 181.408 102.081 129.921 64.4752 179.539 58.4744 56.8308 48.2296 70.9619 51.1898 57.902 37.0724 36.33 26.3269 10.6958 4.75442 2.42
threshold=-2.9592882694284057 0.74913504757291582 -1.0905864196992339 -0.25066273765626779 -0.49331924627226525 0.075127425151154323 1.4393994365673617 -0.7491350475729156 0.98464209942862591 -1.0617659176956848 -0.41867290978318161 0.55861543405600889 -0.94807658341100087 -1.4028339205497364 1.2611108650069494 -1.2485584126215259 0.6563887060825021 1.1378206180301593 -1.0000000180025095e-35 -0.7491350475729156 0.18881675943583826 1.0000000180025095e-35 -0.15225124341821353 -0.26594057770289742
decision_type=2 2 2 2 2 2 2 2 2 2 2 2 2 2 2 2 2 2 2 2 2 2 2 2
left_child=-1 2 3 7 12 -6 8 -2 9 13 -7 -12 21 -4 15 -11 17 18 -17 -10 -16 -3 -18 -9
right_child=1 4 6 -5 5 10 -8 23 19 14 11 -13 -14 -15 20 16 22 -19 -20 -21 -22 -23 -24 -25
leaf_value=22.611229476838865 21.71108962573696 21.840780165514818 21.735279744529169 22.108468543385882 22.070987062124605 21.813653728711799 21.861431507242916 21.817387062789198 21.651602445753074 21.702441608287636 21.945696738761889 21.816730652386681 21.753883615085542 21.671153727879819 21.819294753468309 21.815431506136918 21.711787061573265 21.735558490558276 21.765387063277956 21.713653728686964 21.762371676934954 21.805448601800016 21.736217834403234 21.834987062407727
leaf_weight=33 39 29 41 27 40 48 36 25 26 44 31 39 29 48 26 45 25 49 50 36 26 26 26 25
leaf_count=33 39 29 41 27 40 48 36 25 26 44 31 39 29 48 26 45 25 49 50 36 26 26 26 25
internal_value=21.8267 21.7957 21.7659 21.8532 21.8688 21.9055 21.7447 21.7758 21.7352 21.743 21.8494 21.8738 21.7998 21.7007 21.7559 21.7483 21.7587 21.7709 21.7891 21.6876 21.7908 21.8241 21.7242 21.8262
internal_weight=869 836 594 116 242 158 478 89 442 380 118 70 84 89 291 239 195 144 95 62 52 55 51 50
internal_count=869 836 594 116 242 158 478 89 442 380 118 70 84 89 291 239 195 144 95 62 52 55 51 50
is_linear=0
shrinkage=1


Tree=1
num_leaves=25
num_cat=0
split_feature=2 0 4 5 4 6 0 9 7 6 4 5 4 4 6 6 9 4 6 4 4 0 6 4
split_gain=12162.1 1048.6 1060.42 1347.26 501.949 814.657 95.4624 174.761 139.126 126.815 117.375 109.66 91.0229 75.5362 74.4325 57.7626 49.4819 41.9766 77.1855 41.6182 37.7636 33.5416 33.1092 3.67208
threshold=-2.9592882694284057 0.74913504757291582 1.0216665933461864 -0.25066273765626779 -0.58614456545406601 1.0000000180025095e-35 -1.2485584126215259 -1.0233950687076285 -0.90629464749658817 -1.1754552519803687 -0.8784738670541119 -0.25066273765626779 0.43700799014609432 -0.062387900087317351 0.52988476228989012 -0.83438724912631701 -0.21709885680836591 0.40046682744608858 -0.37962991198758139 -0.22073293845400885 0.74151767931280876 -1.0000000180025095e-35 0.75726343085925796 -0.48870146492071748
decision_type=2 2 2 2 2 2 2 2 2 2 2 2 2 2 2 2 2 2 2 2 2 2 2 2
left_child=-1 2 6 -4 5 -3 8 15 -2 23 14 22 13 16 -11 -8 -6 18 -13 -10 -14 -20 -12 -9
right_child=1 4 3 -5 12 -7 7 9 19 10 11 17 20 -15 -16 -17 -18 -19 21 -21 -22 -23 -24 -25
leaf_value=0.75979325720758162 -0.17780687187948535 -0.0038839511130307172 -0.047875598204135894 0.28450251463800669 0.042024728998993385 0.25652856630459431 0.042193248379230504 -0.14508257083892823 -0.054389484301209448 0.01902543535103669 -0.015738410027254197 -0.16854625587110167 0.08146766004562378 -0.064662777351481571 -0.070318721151351932 -0.033639414694574148 -0.031759835000221545 -0.052916530187313376 -0.067406719404718152 -0.1127429179350535 0.020390738624593487 -0.115205445860823 -0.071892251798084811 -0.12361194234627944
leaf_weight=33 31 37 50 32 33 40 25 25 48 37 42 27 25 35 25 45 26 26 46 33 46 48 28 26
leaf_count=33 31 37 50 32 33 40 25 25 48 37 42 27 25 35 25 45 26 26 46 33 46 48 28 26
internal_value=0.0066112 -0.0231197 -0.0517138 0.0818329 0.047066 0.131395 -0.0731022 -0.0639627 -0.105743 -0.0761398 -0.0655383 -0.0794062 0.00771229 -0.0181078 -0.0170004 -0.00655632 0.0095095 -0.0990282 -0.108937 -0.0781631 0.0418967 -0.0918146 -0.0381999 -0.134137
internal_weight=869 836 594 82 242 77 512 400 112 330 279 217 165 94 62 70 59 147 121 81 71 94 70 51
internal_count=869 836 594 82 242 77 512 400 112 330 279 217 165 94 62 70 59 147 121 81 71 94 70 51
is_linear=0
shrinkage=0.04


Tree=2
num_leaves=27
num_cat=0
split_feature=3 9 0 4 5 4 4 0 5 7 4 5 4 4 7 7 0 4 4 4 4 4 9 5 4 9
split_gain=7052.09 1486.5 1018.56 1067.29 1564.69 497.058 794.759 91.8777 166.436 110.824 81.8793 73.8877 96.4643 69.6142 45.8376 41.8106 46.8585 71.793 63.235 35.7809 31.4773 50.1881 26.9448 17.1092 16.6929 0.926815
threshold=1.0000000180025095e-35 0.79077140806571256 0.74913504757291582 1.0216665933461864 -0.25066273765626779 -0.58614456545406601 -0.75666999138742608 -1.2485584126215259 -1.1763183081138855 -0.90629464749658817 0.43700799014609432 -0.25066273765626779 -0.89065425462078041 -0.062387900087317351 -0.32033061487554942 -0.90629464749658817 -1.0000000180025095e-35 -0.34253681412069453 -0.50088185248738604 0.74151767931280876 -0.15983100062066594 -0.65922689085407749 0.45481465310768643 0.67499283280135014 -0.95155619245412326 -0.082716154825155472
decision_type=2 2 2 2 2 2 2 2 2 2 2 2 2 2 2 2 2 2 2 2 2 2 2 2 2 2
left_child=2 -2 3 7 -5 6 -4 9 -9 -1 13 20 25 14 -7 -14 18 -18 -17 -12 21 24 -11 -20 -10 -13
right_child=1 -3 5 4 -6 10 -8 8 11 22 19 12 15 -15 -16 16 17 -19 23 -21 -22 -23 -24 -25 -26 -27
leaf_value=-0.17069459267200962 0.65174662484063051 0.24263960965474446 0.035432994104921817 -0.05286800868657171 0.31783314750786745 0.043793474475542701 0.31002397149801253 0.023781445295579972 -0.056245286226272583 -0.062220196165937061 0.078208954060077676 -0.041932389235496519 -0.05314718804189137 -0.062076265002999995 -0.026730555722425723 -0.1304720211426417 -0.08667337276433644 -0.16134266723526849 -0.033657817673683164 0.018283172703602097 -0.011190678298473358 -0.095585745096206653 -0.11074155243237814 -0.080002920352495635 -0.010020904159545898 -0.031145778298377991
leaf_weight=31 27 30 48 49 29 30 26 31 25 47 25 25 28 35 29 30 38 45 25 44 30 35 30 26 25 26
leaf_count=31 27 30 48 49 29 30 26 31 25 47 25 25 28 35 29 30 38 45 25 44 30 35 30 26 25 26
internal_value=0.00634675 0.436427 -0.0238436 -0.0526053 0.0849568 0.0459369 0.131911 -0.0741945 -0.0651326 -0.106835 0.00690572 -0.0728318 -0.085333 -0.0173835 0.00912912 -0.0983219 -0.106035 -0.127157 -0.0843911 0.0399954 -0.0464163 -0.0588489 -0.0811246 -0.0572847 -0.0331331 -0.0364333
internal_weight=869 57 812 575 78 237 74 497 389 108 163 358 243 94 59 192 164 83 81 69 115 85 77 51 50 51
internal_count=869 57 812 575 78 237 74 497 389 108 163 358 243 94 59 192 164 83 81 69 115 85 77 51 50 51
is_linear=0
shrinkage=0.04


Tree=3
num_leaves=26
num_cat=0
split_feature=2 1 4 5 4 8 4 5 6 4 4 7 5 8 4 4 4 4 6 6 4 7 4 6 8
split_gain=10616.1 893.847 898.63 1132.77 422.436 752.66 79.3211 77.2981 68.4223 63.3981 101.349 73.8239 76.5428 79.5104 95.8598 130.823 85.5494 53.3823 44.0744 43.2527 41.536 38.8321 52.9124 23.0688 21.9084
threshold=-2.9592882694284057 1.0000000180025095e-35 1.0216665933461864 -0.25066273765626779 -0.58614456545406601 -0.63134183865453442 -1.2195247189208318 -0.71349052288507664 0.98464209942862591 -1.1099012308208147 -0.90283464218744902 1.4375614829875671 -1.1763183081138855 -0.63134183865453442 -0.34253681412069453 -0.54960340275406028 0.52227070311277446 -0.53742301518739166 -0.26594057770289742 -0.60700858055694906 -0.20855255088734023 0.26563341774548938 -0.69576805355408322 0.075127425151154323 1.0000000180025095e-35
decision_type=2 2 2 2 2 2 2 2 2 2 2 2 2 2 2 2 2 2 2 2 2 2 2 2 2
left_child=-1 2 6 -4 5 -3 -2 -6 20 -8 -11 12 -12 17 15 21 19 -14 -19 -16 -9 22 -15 -22 -21
right_child=1 4 3 -5 7 -7 9 8 -10 10 11 -13 13 14 16 -17 -18 18 -20 24 23 -23 -24 -25 -26
leaf_value=0.70977817593198833 -0.0035202786429175017 0.27700961339473723 -0.044082258200645451 0.26069108463823798 0.057064256503393772 0.020564108681171499 -0.12897066379415578 -0.065325451337352944 0.049904390077751416 -0.01363457098907354 -0.021382275422414145 -0.016236673407256604 -0.15614882004080397 -0.019234451532363892 -0.1545554054937055 0.019825175290598591 -0.0372967666387558 -0.13205466288328171 -0.068883394363314615 -0.072197061737378443 0.0095628266195033462 -0.11517378859519958 -0.098027752447128302 -0.036830753377742241 -0.12053847086429595
leaf_weight=33 29 30 50 32 38 47 29 27 26 49 33 32 33 30 31 34 29 30 43 30 47 25 25 27 30
leaf_count=33 29 30 50 32 38 47 29 27 26 49 33 32 33 30 31 34 29 30 43 30 47 25 25 27 30
internal_value=0.00609288 -0.0216842 -0.0480841 0.0748537 0.0431157 0.120478 -0.0677734 0.00701328 -0.0079626 -0.0716312 -0.0679686 -0.0745423 -0.0795444 -0.0851895 -0.0721705 -0.0459037 -0.0971241 -0.11393 -0.0948442 -0.11619 -0.0228591 -0.0738384 -0.0550496 -0.00736456 -0.0963678
internal_weight=869 836 594 82 242 77 512 165 127 483 454 405 373 340 234 114 120 106 73 91 101 80 55 74 60
internal_count=869 836 594 82 242 77 512 165 127 483 454 405 373 340 234 114 120 106 73 91 101 80 55 74 60
is_linear=0
shrinkage=0.04


Tree=4
num_leaves=25
num_cat=0
split_feature=2 0 4 5 4 6 9 0 9 4 4 7 6 4 6 7 9 9 4 6 9 4 6 4
split_gain=9783.78 823.769 828.178 1043.96 389.317 744.562 84.0667 135.908 156.865 105.62 73.5989 69.2801 67.4788 65.9128 58.2402 54.9397 51.3605 87.823 43.8837 43.8201 37.9311 32.6794 25.0815 18.014
threshold=-2.9592882694284057 0.74913504757291582 1.0216665933461864 -0.25066273765626779 -0.58614456545406601 1.0000000180025095e-35 1.2611108650069494 -1.2485584126215259 -1.0233950687076285 -0.89065425462078041 0.43700799014609432 -0.90629464749658817 -0.94807658341100087 -0.062387900087317351 -0.83438724912631701 0.26563341774548938 -0.35148155879157633 0.6563887060825021 -1.1220816183874833 1.0000000180025095e-35 -0.6874383137496024 0.74151767931280876 0.18881675943583826 0.22994140151272849
decision_type=2 2 2 2 2 2 2 2 2 2 2 2 2 2 2 2 2 2 2 2 2 2 2 2
left_child=-1 2 6 -4 5 -3 7 11 14 18 13 -2 -11 19 -9 -13 20 22 -10 -6 -14 -12 -18 -8
right_child=1 4 3 -5 10 -7 23 8 9 12 21 15 16 -15 -16 -17 17 -19 -20 -21 -22 -23 -24 -25
leaf_value=0.68138705217477058 -0.16192351852693865 -0.013669696651600503 -0.04231896884441376 0.25026343341916801 -0.028215479850769044 0.23528770890831946 0.0055584086363132182 0.043340388566255571 -0.061564803235232834 -0.12756619200110436 0.074282574188709261 -0.061657974748384387 -0.072925523143065607 -0.059973288859639852 -0.032805112997690837 -0.13655179743766785 -0.055664802657233343 -0.10230655208230019 0.0036985121930346769 0.04097811215557158 -0.13154450701944756 0.017465711767258852 -0.0046643930342462328 -0.039931125382582353
leaf_weight=33 31 37 50 32 27 40 26 25 32 48 25 42 38 35 45 25 27 40 34 32 33 46 36 30
leaf_count=33 31 37 50 32 27 40 26 25 32 48 25 42 38 35 45 25 27 40 34 32 33 46 36 30
internal_value=0.00584916 -0.0208168 -0.0461607 0.0718595 0.041391 0.115659 -0.0650624 -0.0707424 -0.059317 -0.0723707 0.00673275 -0.11248 -0.0855786 -0.0164849 -0.00561029 -0.0896034 -0.0739958 -0.0559527 -0.0279443 0.00931325 -0.100171 0.0374716 -0.0265217 -0.018811
internal_weight=869 836 594 82 242 77 512 456 358 288 165 98 222 94 70 67 174 103 66 59 71 71 63 56
internal_count=869 836 594 82 242 77 512 456 358 288 165 98 222 94 70 67 174 103 66 59 71 71 63 56
is_linear=0
shrinkage=0.04


Tree=5
num_leaves=24
num_cat=0
split_feature=2 9 9 0 0 4 9 9 4 4 4 9 4 4 4 4 4 5 4 9 4 4 4
split_gain=7526.24 802.831 1076.62 535.234 201.757 139.592 96.2964 92.3776 91.7131 81.6288 60.4672 157.027 113.894 164.572 68.9649 56.2207 55.1979 27.7116 48.4552 26.5215 28.973 14.9722 14.8345
threshold=-2.9592882694284057 -1.0233950687076285 -1.157777770690839 0.74913504757291582 -0.7491350475729156 1.1678312441462091 -0.48586426077478684 -0.6874383137496024 -0.95155619245412326 -0.14765061305399738 0.48572954041276867 0.72358005707410744 -0.34253681412069453 -0.54960340275406028 -0.062387900087317351 1.0947489187461976 -0.24509371358734597 -0.25066273765626779 -0.89065425462078041 -0.082716154825155472 -0.61050534058740313 0.5709922533794487 -0.15983100062066594
decision_type=2 2 2 2 2 2 2 2 2 2 2 2 2 2 2 2 2 2 2 2 2 2 2
left_child=-1 2 4 5 -2 6 7 22 -5 19 11 12 13 17 -13 16 -6 -8 -19 -10 -21 -11 -3
right_child=1 3 -4 8 15 -7 10 -9 9 21 -12 14 -14 -15 -16 -17 -18 18 -20 20 -22 -23 -24
leaf_value=0.62162463782933253 -0.087114066638444607 -0.096346599124372004 0.23624934921662014 0.07104411867948679 0.040773093184512679 -0.14745071412729366 -0.029282055307518352 -0.16364701436411949 -0.067773262461026509 0.0013902024573884731 -0.020022696694549251 -0.14820662843144458 -0.10900550083035515 0.044669053482286857 -0.06944281189606108 0.064441905915737147 -0.027336047172546386 -0.036381156400936407 -0.095883053693365541 0.01069061098098755 -0.048069742509517177 0.034968133331054738 -0.055669644199884856
leaf_weight=29 38 32 36 26 33 42 44 31 30 43 49 46 42 33 29 32 45 41 47 25 29 42 26
leaf_count=29 38 32 36 26 33 42 44 31 30 43 49 46 42 33 29 32 45 41 47 25 29 42 26
internal_value=-0.0119365 -0.0337834 0.0400662 -0.0544658 -0.00765408 -0.0779213 -0.0709684 -0.107905 0.00110581 -0.00965393 -0.0610367 -0.0681633 -0.0501966 -0.035227 -0.117751 0.0197957 0.00147936 -0.0552011 -0.0681606 -0.0376185 -0.0208659 0.0179817 -0.0781121
internal_weight=870 841 184 657 148 462 420 89 195 169 331 282 207 165 75 110 78 132 88 84 54 85 58
internal_count=870 841 184 657 148 462 420 89 195 169 331 282 207 165 75 110 78 132 88 84 54 85 58
is_linear=0
shrinkage=0.04


Tree=6
num_leaves=27
num_cat=0
split_feature=4 7 9 0 0 9 9 4 6 4 4 9 4 4 6 9 9 6 9 0 8 8 5 7 0 8
split_gain=604.827 926.186 2041.88 375.95 230.044 116.188 600.238 122.89 106.244 115.613 85.8213 85.0508 83.6212 137.41 73.5576 88.4747 98.7925 85.5036 71.8505 59.2469 55.1916 52.9651 48.7342 36.4685 27.7441 24.9794
threshold=0.42482760257942576 0.85159745036652823 -1.157777770690839 0.74913504757291582 0.74913504757291582 0.6563887060825021 0.45481465310768643 -0.062387900087317351 -1.1754552519803687 -0.95155619245412326 0.96076465551284318 1.2611108650069494 -0.42779952708737462 -0.086748675220654506 -1.1754552519803687 -0.35148155879157633 -0.6874383137496024 -0.49331924627226525 -1.4265431746572599 -1.0000000180025095e-35 -0.63134183865453442 -0.63134183865453442 -0.25066273765626779 -0.61331263118606871 1.2485584126215263 1.0000000180025095e-35
decision_type=2 2 2 2 2 2 2 2 2 2 2 2 2 2 2 2 2 2 2 2 2 2 2 2 2 2
left_child=3 2 18 5 10 6 14 19 -5 -10 -3 -12 24 -14 23 16 21 -17 -2 -7 -19 -16 -23 -1 -11 -22
right_child=1 4 -4 8 -6 7 -8 -9 9 12 11 -13 13 -15 15 17 -18 20 -20 -21 25 22 -24 -25 -26 -27
leaf_value=-0.062417961621284483 0.034881882793024968 -0.016717730913406764 0.35594860826432706 0.084111700803041464 0.052076061774976548 -0.16551171394189201 0.12299740802496673 -0.026557795464992526 0.075635692562375761 -0.024004516830811135 -0.049733896620811957 -0.14889522247314455 0.072524837198502876 -0.035082130168759544 -0.0044300324122110999 0.032695170333308557 -0.12093491373414343 -0.092175226564760571 -0.046468062587082387 -0.086659068945915477 0.0034282172548359842 -0.10135552350212546 -0.030094145195824758 -0.12605872126186596 -0.082439636381772846 -0.047456888646790478
leaf_weight=25 38 39 40 30 40 30 32 30 28 26 31 25 34 43 30 31 44 27 32 31 29 34 28 34 26 33
leaf_count=25 38 39 40 30 40 30 32 30 28 26 31 25 34 43 30 31 44 27 32 31 29 34 28 34 26 33
internal_value=-0.011459 0.0418098 0.127968 -0.0323404 -0.0283932 -0.0526111 -0.0420609 -0.0928408 0.0151386 0.00195901 -0.062275 -0.0940023 -0.0140328 0.0124326 -0.0588287 -0.0495492 -0.0716379 -0.0245153 -0.00230666 -0.125439 -0.0444426 -0.0480611 -0.069173 -0.0990923 -0.0532221 -0.0236558
internal_weight=870 245 110 625 135 438 347 91 187 157 95 56 129 77 315 256 136 120 70 61 89 92 62 59 52 62
internal_count=870 245 110 625 135 438 347 91 187 157 95 56 129 77 315 256 136 120 70 61 89 92 62 59 52 62
is_linear=0
shrinkage=0.04


Tree=7
num_leaves=26
num_cat=0
split_feature=2 9 9 0 0 4 6 6 4 9 4 4 4 4 4 4 4 4 4 4 6 9 4 6 6
split_gain=6816.2 725.117 962.409 450.87 181.657 120.518 111.231 87.3772 80.641 73.8487 69.1115 55.828 82.3959 75.9503 53.5536 51.4028 66.514 37.2924 46.8011 52.9619 25.8893 24.8878 28.3602 20.7648 24.0086
threshold=-2.9592882694284057 -1.0233950687076285 -1.157777770690839 0.74913504757291582 -0.7491350475729156 1.1678312441462091 -1.1754552519803687 0.52988476228989012 -0.95155619245412326 -0.41867290978318161 -0.14765061305399738 -0.37907797682070027 0.4126472150127572 -0.74448960382075746 -0.52524262762072316 0.75369806687947738 -0.24509371358734597 -0.65922689085407749 -0.34253681412069453 -0.050207512520648777 1.0983314337133099 -0.082716154825155472 -0.61050534058740313 -0.72069791484163315 0.75726343085925796
decision_type=2 2 2 2 2 2 2 2 2 2 2 2 2 2 2 2 2 2 2 2 2 2 2 2 2
left_child=-1 2 4 5 -2 6 14 9 -5 -8 21 13 -13 -11 -3 16 -6 20 -19 -20 -9 -10 -23 -12 -25
right_child=1 3 -4 8 15 -7 7 17 10 11 23 12 -14 -15 -16 -17 -18 18 19 -21 -22 22 -24 24 -26
leaf_value=0.59193456185275106 -0.082123400019971954 -0.15789739811861955 0.22387847245153453 0.065137807543461143 0.039262587436559526 -0.13758010638611656 -0.08406786894115309 -0.080746415512902403 -0.065475004673004142 -0.041804748656957047 0.045524209976196293 -0.088125923871994014 0.0031934621334075929 0.032593475693748111 -0.083807032591587782 0.054793517764021714 -0.039357403616110481 -0.026338789463043213 -0.12702765443495342 -0.054526836950527999 -0.1361772423524123 0.011185698509216309 -0.046949946258602479 -0.022338520471126801 0.028295089129743906
leaf_weight=29 38 27 36 26 33 42 48 28 30 46 25 43 25 42 37 41 36 32 28 38 26 25 29 31 29
leaf_count=29 38 27 36 26 33 42 48 28 30 46 25 43 25 42 37 41 36 32 28 38 26 25 29 31 29
internal_value=-0.0110006 -0.0317915 0.0383928 -0.0514474 -0.00672538 -0.0729752 -0.0665147 -0.0577867 -0.0004431 -0.040681 -0.0105325 -0.0273312 -0.0545526 -0.00629651 -0.115064 0.0193212 -0.00175654 -0.0807444 -0.0660371 -0.0852848 -0.107435 -0.0362638 -0.0200353 0.0148961 0.00213439
internal_weight=870 841 184 657 148 462 420 356 195 204 169 156 68 88 64 110 69 152 98 66 54 84 54 85 60
internal_count=870 841 184 657 148 462 420 356 195 204 169 156 68 88 64 110 69 152 98 66 54 84 54 85 60
is_linear=0
shrinkage=0.04


Tree=8
num_leaves=25
num_cat=0
split_feature=2 9 7 0 0 4 9 9 4 4 4 4 4 9 4 4 4 4 4 4 4 7 4 8
split_gain=6281.81 679.055 1042.26 483.928 147.083 109.211 92.8006 73.4512 64.8593 67.3186 51.7228 97.8873 49.8961 132.868 96.3332 146.585 56.795 31.8448 27.248 98.4073 58.8068 27.0827 11.2309 10.8908
threshold=-2.9592882694284057 -1.0905864196992339 -1.1992766638071075 0.74913504757291582 -0.7491350475729156 1.1678312441462091 -0.48586426077478684 -0.6874383137496024 -0.95155619245412326 -0.22073293845400885 0.75369806687947738 -0.24509371358734597 0.48572954041276867 0.72358005707410744 -0.34253681412069453 -0.54960340275406028 -0.062387900087317351 -0.63486611572074036 -1.1220816183874833 -0.92719541732078625 -0.74448960382075746 0.55861543405600889 0.91204310524616894 -0.63134183865453442
decision_type=2 2 2 2 2 2 2 2 2 2 2 2 2 2 2 2 2 2 2 2 2 2 2 2
left_child=-1 2 4 5 -2 6 7 23 -5 17 11 -6 13 14 15 18 -15 -10 -8 -20 -21 -11 -23 -3
right_child=1 3 -4 8 10 -7 12 -9 9 21 -12 -13 -14 16 -16 -17 -18 -19 19 20 -22 22 -24 -25
leaf_value=0.56825716775039148 -0.076200577666362124 -0.054213665342330936 0.24693715536122909 0.062532294942782479 0.05360821583271027 -0.13207690040270487 -0.082138087518753553 -0.14941931829337152 -0.0059371039351901493 0.041772920125868265 0.052601774727425922 -0.051324309688625912 -0.017047128570931297 -0.13402966446850612 -0.09833623370244389 0.04492018490126639 -0.062552441507577897 -0.057121055318814958 0.022946718910644794 -0.10709731876850129 -0.033771838489032924 -0.017100083121368962 0.01893379852771759 -0.087274826412851156
leaf_weight=29 36 25 32 26 25 42 31 31 37 41 41 33 49 46 42 33 29 41 29 30 42 31 25 44
leaf_count=29 36 25 32 26 25 42 31 31 37 41 41 33 49 46 42 33 29 41 29 30 42 31 25 44
internal_value=-0.0105606 -0.0305199 0.0416883 -0.0484112 -0.0069633 -0.0705059 -0.0645059 -0.0982743 0.00358276 -0.00517545 0.0182139 -0.00609477 -0.054304 -0.0607777 -0.0442508 -0.0304836 -0.106392 -0.0328415 -0.0493346 -0.0392662 -0.0643241 0.0170715 -0.00101353 -0.0752961
internal_weight=870 841 167 674 135 473 431 100 201 175 99 58 331 282 207 165 75 78 132 101 72 97 56 69
internal_count=870 841 167 674 135 473 431 100 201 175 99 58 331 282 207 165 75 78 132 101 72 97 56 69
is_linear=0
shrinkage=0.04


Tree=9
num_leaves=26
num_cat=0
split_feature=2 9 7 0 0 6 8 9 7 9 9 8 9 7 7 9 6 0 8 7 7 6 9 9 9
split_gain=5789.32 625.817 960.543 445.988 135.551 94.2475 89.8948 109.622 107.39 89.8325 76.6162 70.4944 64.487 38.8794 33.2345 98.073 38.4193 24.8432 24.2348 51.4507 23.4005 22.1392 20.2022 13.2949 11.6891
threshold=-2.9592882694284057 -1.0905864196992339 -1.1992766638071075 0.74913504757291582 -0.7491350475729156 -1.0617659176956848 -0.63134183865453442 0.72358005707410744 -0.61331263118606871 0.18604924914126547 0.3876233021160812 1.0000000180025095e-35 1.5298762689733703 -0.61331263118606871 0.26563341774548938 -0.41867290978318161 -0.60700858055694906 0.74913504757291582 -0.63134183865453442 0.26563341774548938 1.1445794666770477 0.30250609372052223 1.0595368120321338 0.72358005707410744 -0.75462966474120774
decision_type=2 2 2 2 2 2 2 2 2 2 2 2 2 2 2 2 2 2 2 2 2 2 2 2 2
left_child=-1 2 4 5 -2 18 7 9 -8 13 11 -10 22 -7 15 24 -16 21 -3 -20 -18 -6 23 -12 -5
right_child=1 3 -4 14 17 6 8 -9 10 -11 12 -13 -14 -15 16 -17 20 -19 19 -21 -22 -23 -24 -25 -26
leaf_value=0.54552688582190156 -0.073152555641200809 -0.075001348171915325 0.2370596743375063 0.00018412207011823302 -0.020871687691771623 -0.050718985062379103 -0.10178233463896647 -0.13778271223418415 0.032284143398560228 0.0019421465121782745 -0.073159999270592968 -0.039392078133380928 0.0035570211589336397 -0.11612266876480795 -0.049126396945212036 0.060255511913980757 -0.016500453141174817 0.041317745374470222 -0.085156222851045668 -0.16068402210319485 0.031210638038043321 0.029031483793258667 -0.091728959003010313 -0.036404924392700197 -0.037392609073565557
leaf_weight=29 36 28 32 27 33 26 45 44 42 26 31 46 25 33 32 49 38 41 31 27 29 25 37 32 26
leaf_count=29 36 28 32 27 33 26 45 44 42 26 31 46 25 33 32 49 38 41 31 27 29 25 37 32 26
internal_value=-0.0101382 -0.0292991 0.0400208 -0.0464747 -0.00668476 -0.0676856 -0.0592686 -0.0865324 -0.0456367 -0.0600029 -0.033775 -0.00518297 -0.0539037 -0.0873007 0.00343945 0.0194636 -0.0130702 0.0174853 -0.105562 -0.120316 0.00415062 0.0006383 -0.0682689 -0.0544908 -0.0182497
internal_weight=870 841 167 674 135 473 387 129 258 85 213 88 125 59 201 102 99 99 86 58 67 58 100 63 53
internal_count=870 841 167 674 135 473 387 129 258 85 213 88 125 59 201 102 99 99 86 58 67 58 100 63 53
is_linear=0
shrinkage=0.04


Tree=10
num_leaves=27
num_cat=0
split_feature=2 0 4 9 9 4 4 4 4 9 9 4 9 4 4 4 8 8 4 7 0 0 9 4 4 4
split_gain=5700.81 664.677 769.014 1075.93 1392.18 348.287 892.202 98.82 149.102 77.6458 68.858 73.4387 51.6254 50.484 151.745 135.152 70.6801 63.6383 36.3438 36.5383 33.7306 32.4819 49.7124 21.0435 18.0132 4.67659
threshold=-2.9592882694284057 0.74913504757291582 1.0216665933461864 1.193919514015344 -1.2249691216824441 -0.59832495302073463 -0.76885037895409469 -1.2195247189208318 -1.0489992929874719 1.3954935669901598 -1.2249691216824441 0.10813752584604273 -0.35148155879157633 -0.37907797682070027 -0.54960340275406028 0.4126472150127572 1.0000000180025095e-35 -0.63134183865453442 0.91204310524616894 0.26563341774548938 1.2485584126215263 -1.2485584126215259 -0.9562037177160233 -0.15983100062066594 -1.012458130287466 -0.17201138818733452
decision_type=2 2 2 2 2 2 2 2 2 2 2 2 2 2 2 2 2 2 2 2 2 2 2 2 2 2
left_child=-1 2 7 4 -4 6 24 -2 -9 10 11 -10 21 14 16 25 17 -14 19 20 -7 -12 -23 -24 -3 -15
right_child=1 5 3 -5 -6 18 -8 8 9 -11 12 -13 13 15 -16 -17 -18 -19 -20 -21 -22 22 23 -25 -26 -27
leaf_value=0.54685440577309707 0.0086443137696811129 0.028425195125433116 -0.019012620278767177 -0.12835455258344783 0.39166077814102174 0.02571736053544648 0.288296736964473 -0.15351300747163835 0.016213575040300687 -0.0064744998845789169 -0.13110295379983969 -0.07305297096227778 -0.057467080278274338 -0.11466591518904481 0.039902253976235022 -0.023716322087189733 -0.023118309169202239 -0.13424830686661504 0.038924449928875629 -0.042325300768017771 -0.024879325032234192 -0.04247511417576761 -0.11826816390713919 -0.075206974765906737 -0.018659934997558594 -0.13846791798472405
leaf_weight=29 28 26 28 29 25 49 27 31 30 36 29 29 39 28 26 34 37 31 29 40 37 33 46 30 26 25
leaf_count=29 28 26 28 29 25 49 27 31 30 36 29 29 39 28 26 34 37 31 29 40 37 33 46 30 26 25
internal_value=-0.00440237 -0.0237097 -0.0462036 0.067523 0.174701 0.0333903 0.101746 -0.0644176 -0.0686443 -0.0628365 -0.0677023 -0.0276632 -0.074301 -0.0622706 -0.0467732 -0.0859621 -0.0678345 -0.0914702 -0.00144895 -0.0107412 0.00394902 -0.0934798 -0.0834699 -0.10127 0.00488263 -0.125893
internal_weight=857 828 594 82 53 234 79 512 484 453 417 59 358 220 133 87 107 70 155 126 86 138 109 76 52 53
internal_count=857 828 594 82 53 234 79 512 484 453 417 59 358 220 133 87 107 70 155 126 86 138 109 76 52 53
is_linear=0
shrinkage=0.04


Tree=11
num_leaves=26
num_cat=0
split_feature=2 1 9 5 8 9 6 9 9 5 9 5 6 6 9 8 9 6 5 9 5 9 7 7 6
split_gain=5253.86 612.567 585.544 919.084 307.137 930.929 251.577 93.4462 82.4273 63.8242 59.6701 63.4179 41.2006 55.6959 45.297 131.115 110.272 78.2013 37.8871 33.4783 78.5036 36.2346 17.7706 11.6554 1.83636
threshold=-2.9592882694284057 1.0000000180025095e-35 -1.0905864196992339 -0.25066273765626779 -0.63134183865453442 0.051666547158054986 1.4393994365673617 0.11885789814966023 1.5298762689733703 -1.1763183081138855 -0.55305561176639195 -0.25066273765626779 -1.4028339205497364 -1.1754552519803687 0.72358005707410744 1.0000000180025095e-35 -0.14990750581676068 -0.49331924627226525 -0.25066273765626779 -0.6874383137496024 0.67499283280135014 -0.48586426077478684 1.1445794666770477 1.1445794666770477 0.18881675943583826
decision_type=2 2 2 2 2 2 2 2 2 2 2 2 2 2 2 2 2 2 2 2 2 2 2 2 2
left_child=-1 2 3 9 5 -3 8 10 12 24 11 -6 -4 -14 16 23 19 -18 -19 20 -15 -21 -9 -16 -2
right_child=1 4 6 -5 7 -7 -8 22 -10 -11 -12 -13 13 14 15 -17 17 18 -20 21 -22 -23 -24 -25 -26
leaf_value=0.52498022963260782 -0.0067303919472864694 -0.018064491324954565 -0.037495883382283726 0.24084625147007133 0.04405510612328848 0.2667996999525255 0.041059432485524343 -0.048991651528411444 -0.0099810528568923477 -0.069917947270653466 0.073723171100020413 -0.040445686490447434 -0.13031928376718002 -0.11833857221735848 -0.11519139914307744 -0.035871829179426037 0.019142262565678563 -0.032325804214510652 -0.086569142686693287 -0.14931423630714416 -0.023558336270266565 -0.088756167590618135 -0.0074534992988292996 -0.14824171881521903 0.0078900235008310393
leaf_weight=29 28 45 39 27 30 31 34 45 32 33 30 27 33 27 38 36 29 45 38 25 29 43 26 31 27
leaf_count=29 28 45 39 27 30 31 34 45 32 33 30 27 33 27 38 36 29 45 38 25 29 43 26 31 27
internal_value=-0.00422627 -0.0227613 -0.0443554 0.0366968 0.0320546 0.0981301 -0.0638148 0.000271516 -0.0718276 -0.0259399 0.0280611 0.00402841 -0.0766196 -0.0806993 -0.0758974 -0.0977538 -0.0661732 -0.0374032 -0.0571601 -0.0921589 -0.069256 -0.11102 -0.0337805 -0.13004 0.000446903
internal_weight=857 828 594 115 234 76 479 158 445 88 87 57 413 374 341 105 236 112 83 124 56 68 71 69 55
internal_count=857 828 594 115 234 76 479 158 445 88 87 57 413 374 341 105 236 112 83 124 56 68 71 69 55
is_linear=0
shrinkage=0.04


Tree=12
num_leaves=26
num_cat=0
split_feature=2 0 9 5 8 9 9 8 5 9 5 9 5 5 0 0 7 9 9 0 8 0 5 7 8
split_gain=4841.96 564.542 539.637 847.028 283.058 858.702 99.903 168.113 98.7624 86.12 58.8204 54.992 58.4459 50.1627 41.4162 38.9502 37.9049 75.5606 48.972 30.8393 44.5912 52.7169 24.2877 16.3774 15.2583
threshold=-2.9592882694284057 0.74913504757291582 -1.0905864196992339 -0.25066273765626779 -0.63134183865453442 1.0000000180025095e-35 -0.35148155879157633 1.0000000180025095e-35 1.0000000180025095e-35 0.11885789814966023 -1.1763183081138855 -0.55305561176639195 -0.25066273765626779 -0.25066273765626779 -1.0000000180025095e-35 -1.2485584126215259 0.26563341774548938 0.79077140806571256 1.3954935669901598 -1.2485584126215259 1.0000000180025095e-35 -1.0000000180025095e-35 1.0000000180025095e-35 1.1445794666770477 -0.63134183865453442
decision_type=2 2 2 2 2 2 2 2 2 2 2 2 2 2 2 2 2 2 2 2 2 2 2 2 2
left_child=-1 2 3 10 5 -3 19 13 14 11 -2 12 -6 16 -9 -15 -8 -18 -19 -4 21 -21 24 -11 -17
right_child=1 4 6 -5 9 -7 7 8 -10 23 -12 -13 -14 15 -16 22 17 18 -20 20 -22 -23 -24 -25 -26
leaf_value=0.50398102297865111 0.0004290269762277603 -0.02045804323797876 -0.12924526190316235 0.23121240355350353 0.042292903363704684 0.25186646683141589 -0.08671232387423515 -0.012621501386165619 0.038628019882099969 -0.047031985700130459 -0.067121228051908094 0.070774242679278065 -0.038827859030829533 -0.042237643671035767 -0.074468926956256232 -0.094938762011351416 0.022458251953125001 -0.09847502609448773 -0.022973705419787653 -0.026391670812260019 -0.11955012785665917 -0.095930293663530744 -0.076411953926086421 -0.007155357966056237 -0.13746399888285885
leaf_weight=29 55 44 27 27 30 32 32 41 42 45 33 30 27 25 30 27 25 28 27 33 33 37 45 26 27
leaf_count=29 55 44 27 27 30 32 32 41 42 45 33 30 27 25 30 27 25 28 27 33 33 37 45 26 27
internal_value=-0.00405722 -0.0218508 -0.0425812 0.035229 0.0307725 0.0942049 -0.0612622 -0.0501131 -0.00999268 0.000260655 -0.0249023 0.0269386 0.00386728 -0.0693232 -0.0387542 -0.0868496 -0.049919 -0.0352017 -0.0614107 -0.0911932 -0.0812184 -0.0631478 -0.0981153 -0.0324293 -0.116201
internal_weight=857 828 594 115 234 76 479 349 113 158 88 87 57 236 71 124 112 80 55 130 103 70 99 71 54
internal_count=857 828 594 115 234 76 479 349 113 158 88 87 57 236 71 124 112 80 55 130 103 70 99 71 54
is_linear=0
shrinkage=0.04


Tree=13
num_leaves=27
num_cat=0
split_feature=3 4 5 0 6 4 4 7 5 0 4 4 4 0 5 4 4 6 0 4 7 0 7 6 7 4
split_gain=2238.29 539.555 2123.5 755.727 405.316 362.201 810.595 159.397 81.3201 144.451 59.4468 46.2063 106.313 71.9707 63.1135 101.384 46.2532 44.4406 45.3841 45.3146 39.2897 33.8216 32.9764 25.5727 16.2602 12.4248
threshold=1.0000000180025095e-35 1.0216665933461864 1.0000000180025095e-35 0.74913504757291582 0.64357409657457409 -0.59832495302073463 -0.76885037895409469 0.85159745036652823 -0.25066273765626779 -1.2485584126215259 0.48572954041276867 -0.54960340275406028 -0.36689758925403171 -0.7491350475729156 1.1378206180301593 -0.89065425462078041 -0.18419177575400311 0.75726343085925796 1.0000000180025095e-35 -0.56178379032072889 0.26563341774548938 1.2485584126215263 -0.32033061487554942 0.075127425151154323 0.85159745036652823 1.0000000180025095e-35
decision_type=2 2 2 2 2 2 2 2 2 2 2 2 2 2 2 2 2 2 2 2 2 2 2 2 2 2
left_child=1 3 7 8 -2 6 23 -3 9 -1 17 14 -13 22 15 -10 -15 18 19 -11 21 25 -14 -5 -18 -7
right_child=4 2 -4 5 -6 20 -8 -9 11 10 -12 12 13 16 -16 -17 24 -19 -20 -21 -22 -23 -24 -25 -26 -27
leaf_value=-0.10776040670275688 0.13709295831123988 0.020730967879295351 0.37682018481768098 -0.022453174972534181 0.35071780195942631 0.046020384597778324 0.28151081197536909 -0.095488939208955306 -0.03489619506166336 0.040298188341011364 0.032718340857670856 0.002082181257861001 -0.070341944838392317 -0.13949212532618951 -0.14168158821521268 -0.11988898863626082 -0.05975782445248435 -0.070571963762914816 -0.063061958485497879 -0.028233332814354646 -0.043466880138103785 -0.02434956851843241 -0.0094834472877638673 0.034759617757797241 -0.1017793784577113 0.0065262389197372475
leaf_weight=40 30 35 26 25 27 25 26 41 47 26 26 35 29 29 31 43 34 37 26 38 39 37 28 25 26 26
leaf_count=40 30 35 26 25 27 25 26 41 47 26 26 35 29 29 31 43 34 37 26 38 39 37 28 25 26 26
internal_value=-0.00389493 -0.0211502 0.064783 -0.0337077 0.238284 0.0312857 0.100355 -0.0419666 -0.0603616 -0.040081 -0.022387 -0.0733224 -0.0605297 -0.0755394 -0.0924585 -0.0755039 -0.0980146 -0.0336684 -0.0184969 -0.000392402 -0.0100469 0.00476429 -0.0404465 0.00615322 -0.0779672 0.0258861
internal_weight=857 800 102 698 57 203 76 76 495 193 153 302 181 146 121 90 89 127 90 64 127 88 57 50 60 51
internal_count=857 800 102 698 57 203 76 76 495 193 153 302 181 146 121 90 89 127 90 64 127 88 57 50 60 51
is_linear=0
shrinkage=0.04


Tree=14
num_leaves=27
num_cat=0
split_feature=2 0 4 9 9 4 4 4 4 9 5 4 4 5 4 4 5 4 9 9 9 9 5 4 4 4
split_gain=4253.81 475.246 641.567 949.695 1272.54 291.488 739.529 87.209 134.668 66.9623 77.7678 74.1184 88.3937 82.9026 129.905 91.575 73.5293 56.6364 61.7183 42.1941 32.683 39.1308 33.3096 27.945 18.2417 5.8828
threshold=-2.9592882694284057 0.74913504757291582 1.0216665933461864 1.193919514015344 -1.2249691216824441 -0.59832495302073463 -0.76885037895409469 -1.2195247189208318 -1.0489992929874719 1.3283022159985547 -0.71349052288507664 -0.36689758925403171 -0.54960340275406028 0.67499283280135014 -0.038027124953980203 0.10813752584604273 -0.25066273765626779 -0.89065425462078041 -0.082716154825155472 0.18604924914126547 -0.21709885680836591 1.193919514015344 1.0000000180025095e-35 0.40046682744608858 -1.012458130287466 0.022874812879362678
decision_type=2 2 2 2 2 2 2 2 2 2 2 2 2 2 2 2 2 2 2 2 2 2 2 2 2 2
left_child=-1 2 7 4 -4 6 24 -2 -9 10 25 12 16 14 -13 -15 19 -18 -19 -12 22 -22 -7 -16 -3 -10
right_child=1 5 3 -5 -6 20 -8 8 9 -11 11 13 -14 15 23 -17 17 18 -20 -21 21 -23 -24 -25 -26 -27
leaf_value=0.47244495289079075 0.012561729215085507 0.025903589725494384 -0.020069701990910939 -0.11958945138701077 0.37256064500808722 0.039937010728395901 0.26024069550201401 -0.14070083625854984 0.00067580108642578132 -0.0093248109868232249 -0.063533059725394608 -0.15740939885377883 0.0032229829052599461 -0.0092101033267221952 -0.099754043994126504 -0.10555559321686074 -0.035437057971954344 -0.073950438314193012 -0.15530687026679516 0.007231735949005399 -0.050127401820383971 0.0097464876982473556 -0.010569304148356121 -0.045920953767167198 -0.021479186553221483 -0.026765015414357187
leaf_weight=29 28 26 28 29 25 39 27 31 25 47 26 46 41 38 27 27 25 37 25 28 40 31 45 36 26 25
leaf_count=29 28 26 28 29 25 39 27 31 25 47 26 46 41 38 27 27 25 37 25 28 40 31 45 36 26 25
internal_value=-0.00373914 -0.0204171 -0.0394375 0.0644387 0.165133 0.0278654 0.0903992 -0.0560739 -0.0600445 -0.054525 -0.0597575 -0.0663183 -0.0484725 -0.0849847 -0.106306 -0.0492305 -0.0635045 -0.0862617 -0.106755 -0.0268402 -0.00400665 -0.0239853 0.0128801 -0.0689923 0.0022122 -0.0130446
internal_weight=857 828 594 82 53 234 79 512 484 453 406 356 182 174 109 65 141 87 62 54 155 71 84 63 52 50
internal_count=857 828 594 82 53 234 79 512 484 453 406 356 182 174 109 65 141 87 62 54 155 71 84 63 52 50
is_linear=0
shrinkage=0.04


Tree=15
num_leaves=27
num_cat=0
split_feature=2 4 4 1 6 6 6 4 5 6 4 6 6 8 6 7 6 5 8 7 6 4 6 4 4 5
split_gain=4417.94 546.114 1209.08 518.197 356.972 998.532 194.731 143.163 110.075 89.5141 90.5811 159.027 119.725 62.1179 61.0831 59.0664 52.1458 49.6629 41.9177 61.4925 62.8706 38.2052 38.1564 28.4862 22.4513 6.04375
threshold=-2.9592882694284057 0.75369806687947738 1.0338469809128548 1.0000000180025095e-35 -0.49331924627226525 0.075127425151154323 0.75726343085925796 -0.050207512520648777 -0.25066273765626779 -1.1754552519803687 -0.34253681412069453 -0.49331924627226525 -0.15225124341821353 1.0000000180025095e-35 -1.5165232548344203 1.0000000180025095e-35 -1.1754552519803687 1.0000000180025095e-35 -0.63134183865453442 -0.61331263118606871 0.18881675943583826 -0.76885037895409469 -0.83438724912631701 0.035055200446031262 -0.74448960382075746 -0.25066273765626779
decision_type=2 2 2 2 2 2 2 2 2 2 2 2 2 2 2 2 2 2 2 2 2 2 2 2 2 2
left_child=-1 3 -3 9 16 -6 8 25 -4 14 11 22 17 15 -2 23 -5 -12 24 -20 -21 -22 -11 -14 -13 -7
right_child=1 2 6 4 5 7 -8 -9 -10 10 12 18 13 -15 -16 -17 -18 -19 19 20 21 -23 -24 -25 -26 -27
leaf_value=0.49031271789255071 -0.043528526326020556 0.24883921190141103 0.0016684392236527943 -0.0052399662034264931 0.25320127892691424 0.020759636252014727 0.07653858268260956 -0.070300117509980359 -0.092289170167948062 -0.0013475609096613797 -0.070961076410917145 -0.10064201765590244 -0.017218152284622194 -0.08106844178060206 -0.11628750217147171 0.026377818140068225 -0.076066000568561068 -0.14649160583813986 -0.087695012283325199 -0.065480150868152759 -0.02262231469154358 0.040473205202392171 0.060453481904921995 -0.075362670200948542 -0.048036547183990475 0.045947615708623608
leaf_weight=29 30 39 42 29 34 27 30 31 38 33 26 27 28 41 48 28 39 30 25 29 34 28 31 26 25 35
leaf_count=29 30 39 42 29 34 27 30 31 38 33 26 27 28 41 48 28 39 30 25 29 34 28 31 26 25 35
internal_value=0.00497993 -0.0119164 0.0574763 -0.0270327 0.0281009 0.0677025 -0.0103705 -0.000114268 -0.0429614 -0.0490185 -0.0415629 -0.0250684 -0.0629413 -0.040868 -0.0883033 -0.0207678 -0.0458608 -0.111424 -0.0455087 -0.0321311 -0.0168663 0.00587244 0.0285873 -0.0452137 -0.0753509 0.0349787
internal_weight=862 833 149 684 195 127 110 93 80 489 411 232 179 123 78 82 68 56 168 116 91 62 64 54 52 62
internal_count=862 833 149 684 195 127 110 93 80 489 411 232 179 123 78 82 68 56 168 116 91 62 64 54 52 62
is_linear=0
shrinkage=0.04


Tree=16
num_leaves=28
num_cat=0
split_feature=3 9 4 4 0 4 4 7 6 4 4 4 6 6 5 4 6 0 5 6 5 4 6 4 9 4 4
split_gain=2085.66 1028.34 559.547 1191.37 526.647 384.709 644.697 199.766 237.665 138.336 74.2561 89.8827 113.927 60.0479 58.6984 99.2438 75.6955 56.4231 100.279 55.4647 43.8796 38.2393 44.1253 70.7021 45.3611 33.2424 6.04543
threshold=1.0000000180025095e-35 0.79077140806571256 0.75369806687947738 1.0338469809128548 0.74913504757291582 -0.59832495302073463 -0.75666999138742608 1.1445794666770477 0.41619542800520609 -0.95155619245412326 -0.37907797682070027 -0.086748675220654506 0.30250609372052223 -1.1754552519803687 1.0000000180025095e-35 0.22994140151272849 -0.49331924627226525 -0.7491350475729156 1.1378206180301593 -1.5165232548344203 1.1378206180301593 -0.6714072784207461 1.0000000180025095e-35 -0.23291332602067741 1.0595368120321338 -0.86629347948744329 -0.65922689085407749
decision_type=2 2 2 2 2 2 2 2 2 2 2 2 2 2 2 2 2 2 2 2 2 2 2 2 2 2 2
left_child=2 -2 4 -4 13 6 9 8 -5 -6 -7 -12 -13 19 16 17 26 20 -19 -1 -16 25 -23 -24 -25 -18 -15
right_child=1 -3 3 7 5 10 -8 -9 -10 -11 11 12 -14 14 15 -17 21 18 -20 -21 -22 22 23 24 -26 -27 -28
leaf_value=-0.039164005949579438 0.42578073487831997 0.079343152868336639 0.25970305147684281 -0.037218631170690061 0.077617619256178536 -0.079207699298858639 0.2646878581047058 -0.076229326826770138 0.12088195200624137 -0.049784889155626295 0.061336863361872163 0.023562189358653444 -0.085108920921539433 0.026753970217704773 -0.1087810165335935 -0.12736932244400184 -0.043959407589652326 0.028282785876230759 -0.065394017049452163 -0.11010199395815531 -0.039031303105530921 -0.075425785517692565 0.029330493309668131 -0.073448468013243243 -0.0020171015322208406 -0.10033965680610252 -0.00079479226699242221
leaf_weight=29 26 29 36 32 30 25 25 41 29 25 26 33 29 25 31 30 44 33 41 45 27 25 35 33 25 27 26
leaf_count=29 26 29 36 32 30 25 25 41 29 25 26 33 29 25 31 30 44 33 41 45 27 25 35 33 25 27 26
internal_value=0.00478073 0.243114 -0.0114625 0.0618731 -0.0265901 0.0291454 0.0962638 -0.00794924 0.0379439 0.0197074 -0.018372 -0.00108918 -0.0272678 -0.0491887 -0.0430932 -0.0616973 -0.0305354 -0.0467718 -0.0236192 -0.082302 -0.0763113 -0.0422047 -0.0282483 -0.0155662 -0.0426591 -0.0653998 0.0127095
internal_weight=862 55 807 138 669 193 80 102 61 55 113 88 62 476 402 162 240 132 74 74 58 189 118 93 58 71 51
internal_count=862 55 807 138 669 193 80 102 61 55 113 88 62 476 402 162 240 132 74 74 58 189 118 93 58 71 51
is_linear=0
shrinkage=0.04


Tree=17
num_leaves=25
num_cat=0
split_feature=2 4 4 0 6 6 6 4 5 6 4 6 0 6 0 6 6 6 5 4 6 8 6 0
split_gain=3847.24 460.701 1024.36 439.609 322.581 912.652 171.012 116.506 108.128 77.2678 78.5802 142.646 160.452 109.153 66.2065 65.4025 52.3025 46.676 43.5168 38.6608 35.4551 34.0847 25.8586 23.9335
threshold=-2.9592882694284057 0.75369806687947738 1.0338469809128548 0.74913504757291582 -0.49331924627226525 0.075127425151154323 0.87095276514394182 -0.050207512520648777 -0.25066273765626779 -1.1754552519803687 -0.34253681412069453 -0.49331924627226525 -1.2485584126215259 -0.15225124341821353 -1.0000000180025095e-35 0.75726343085925796 -1.5165232548344203 -1.1754552519803687 1.0000000180025095e-35 0.10813752584604273 -0.83438724912631701 1.0000000180025095e-35 1.3257101022826776 1.2485584126215263
decision_type=2 2 2 2 2 2 2 2 2 2 2 2 2 2 2 2 2 2 2 2 2 2 2 2
left_child=-1 3 -3 9 17 -6 8 23 -4 16 11 20 -13 18 19 21 -2 -5 -12 -15 -11 -14 -17 -7
right_child=1 2 6 4 5 7 -8 -9 -10 10 13 12 15 14 -16 22 -18 -19 -20 -21 -22 -23 -24 -25
leaf_value=0.45749173912508739 -0.040378832402328646 0.22869715183209149 0.0036165648698806762 -0.006157926649882876 0.24070746453691219 0.054250842407345776 0.077553190368193164 -0.064784859106425313 -0.088020124098188005 -0.0010606610684683829 -0.066713039972461183 -0.11858348172051565 -0.017226658742478553 0.014048851055976672 -0.073284953447933093 -0.075460741741316659 -0.10770553536713123 -0.073166442528749126 -0.1374155886657536 -0.043860031783580784 0.058512588470212873 0.039850913568471487 -0.022196727132797241 0.0045203346808751427
leaf_weight=29 30 39 45 29 34 32 27 31 38 33 26 35 47 39 49 35 48 39 30 35 31 26 25 30
leaf_count=29 30 39 45 29 34 32 27 31 38 33 26 35 47 39 49 35 48 39 30 35 31 26 25 30
internal_value=0.0045895 -0.0111778 0.0525578 -0.0250617 0.0257194 0.063365 -0.00989167 -0.00146982 -0.0383376 -0.0453119 -0.0383851 -0.023022 -0.0423809 -0.058297 -0.0372208 -0.0223276 -0.0818106 -0.0445893 -0.104589 -0.0133405 0.0277951 0.00310234 -0.0532674 0.0301877
internal_weight=862 833 149 684 195 127 110 93 83 489 411 232 168 179 123 133 78 68 56 74 64 73 60 62
internal_count=862 833 149 684 195 127 110 93 83 489 411 232 168 179 123 133 78 68 56 74 64 73 60 62
is_linear=0
shrinkage=0.04


Tree=18
num_leaves=25
num_cat=0
split_feature=2 4 5 0 9 9 9 9 6 6 4 6 0 6 9 6 0 6 6 9 5 4 4 6
split_gain=3545.62 424.582 987.017 405.144 315.313 1255.43 156.358 125.855 71.2489 71.21 72.4195 131.462 147.872 100.595 61.4757 62.9941 61.016 60.275 48.202 43.9187 40.1051 35.6298 30.1211 23.8313
threshold=-2.9592882694284057 0.75369806687947738 1.0000000180025095e-35 0.74913504757291582 0.52200600409929165 0.051666547158054986 1.193919514015344 0.85796275905731789 0.41619542800520609 -1.1754552519803687 -0.34253681412069453 -0.49331924627226525 -1.2485584126215259 -0.15225124341821353 -1.0233950687076285 -0.37962991198758139 -1.0000000180025095e-35 0.75726343085925796 -1.5165232548344203 -0.21709885680836591 1.0000000180025095e-35 0.10813752584604273 -0.73230921625408896 1.3257101022826776
decision_type=2 2 2 2 2 2 2 2 2 2 2 2 2 2 2 2 2 2 2 2 2 2 2 2
left_child=-1 3 7 9 5 14 -6 -3 -9 18 11 19 -13 20 -5 -16 21 22 -2 -11 -12 -15 -14 -19
right_child=1 2 -4 4 6 -7 -8 8 -10 10 13 12 17 16 15 -17 -18 23 -20 -21 -22 -23 -24 -25
leaf_value=0.43919207326297105 -0.038763678826391701 0.031193401800825242 0.20696452297435866 0.027752022966742517 -0.1173028399149577 0.26045990142557357 0.015380257776489966 -0.017693449193611741 -0.1078176745414734 -0.013375647893318764 -0.064044516407526453 -0.11384014381681169 0.028322776564069698 0.013486897960687295 0.0042939213783510276 -0.074007009003843577 -0.070353555928687653 -0.07244231455666679 -0.1033973146478335 0.054092097133398055 -0.13191896309455237 -0.042105632147618699 -0.02307029940187931 -0.021308857154846192
leaf_weight=29 30 47 45 36 30 36 27 32 25 26 26 35 37 39 31 35 49 35 48 38 30 35 36 25
leaf_count=29 30 47 45 36 30 36 27 32 25 26 26 35 37 39 31 35 49 35 48 38 30 35 36 25
internal_value=0.00440592 -0.0107307 0.0504554 -0.0240592 0.0246907 0.0573804 -0.054453 -0.0172648 -0.0572216 -0.0434994 -0.0368497 -0.0221011 -0.0406857 -0.0559651 -0.0142947 -0.0372293 -0.035732 -0.0214345 -0.0785382 0.0266833 -0.100406 -0.0128069 0.00297825 -0.0511367
internal_weight=862 833 149 684 195 138 57 104 57 489 411 232 168 179 102 66 123 133 78 64 56 74 73 60
internal_count=862 833 149 684 195 138 57 104 57 489 411 232 168 179 102 66 123 133 78 64 56 74 73 60
is_linear=0
shrinkage=0.04


Tree=19
num_leaves=27
num_cat=0
split_feature=2 4 4 0 9 9 0 4 9 6 9 4 9 6 4 9 5 4 9 9 4 4 0 4 6 9
split_gain=3267.64 397.44 1431.7 300.66 335.012 1172.08 184.506 256.073 112.778 51.5317 52.9907 52.2918 50.8286 69.0529 79.7126 47.1617 40.1051 42.163 36.1492 57.005 66.2567 53.9086 55.6306 16.7743 15.1985 4.64681
threshold=-2.9592882694284057 0.88768233011283171 1.0825685311795292 0.74913504757291582 0.52200600409929165 0.051666547158054986 -1.0000000180025095e-35 1.7646702349129695 1.193919514015344 -1.1754552519803687 1.2611108650069494 -0.15983100062066594 0.79077140806571256 -0.94807658341100087 0.071596363146036998 0.45481465310768643 1.0000000180025095e-35 -0.35471720168736315 -1.0905864196992339 -0.48586426077478684 -0.31817603898735741 -0.76885037895409469 -0.7491350475729156 0.40046682744608858 0.41619542800520609 -0.082716154825155472
decision_type=2 2 2 2 2 2 2 2 2 2 2 2 2 2 2 2 2 2 2 2 2 2 2 2 2 2
left_child=-1 3 -3 9 5 16 -4 -8 -6 11 12 25 13 -11 15 18 -5 -18 -15 20 -20 24 -23 -16 -21 -2
right_child=1 2 6 4 8 -7 7 -9 -10 10 -12 -13 -14 14 23 -17 17 -19 19 21 -22 22 -24 -25 -26 -27
leaf_value=0.4216243893524696 -0.077777193167379924 0.3260792950630188 -0.081384016894980482 0.013122703070225923 -0.11268690889881504 0.25004149632321465 -0.033198030732572076 0.12999391174316405 -0.0029462077494325314 0.031246406966447832 0.0081452218956417511 -0.020655562946429621 -0.080410212904214864 0.0033784338459372522 -0.10577862806045092 0.011741718038534507 -0.072191895118781504 -0.0039423186083634692 -0.10590425427143391 -0.077622146308422096 -0.022485747814178465 0.036132463577293578 -0.034876064447368064 -0.060341500066793882 -0.035151192935613487 -0.10082201535946556
leaf_weight=29 28 25 38 46 31 36 40 25 29 25 45 26 40 32 26 39 28 30 39 28 25 31 41 26 26 28
leaf_count=29 28 25 38 46 31 36 40 25 29 25 45 26 40 32 26 39 28 30 39 28 25 31 41 26 26 28
internal_value=0.00422969 -0.0103015 0.0545415 -0.0220744 0.0194338 0.053325 -0.0113657 0.0295681 -0.0596456 -0.0385133 -0.0328874 -0.0675344 -0.0377722 -0.0327263 -0.037836 -0.0288258 -0.0147692 -0.0368904 -0.0359525 -0.0425767 -0.0733189 -0.0269616 -0.00430295 -0.0830601 -0.0571732 -0.0892996
internal_weight=862 833 128 705 200 140 103 65 60 505 423 82 378 338 313 261 104 58 222 190 64 126 72 52 54 56
internal_count=862 833 128 705 200 140 103 65 60 505 423 82 378 338 313 261 104 58 222 190 64 126 72 52 54 56
is_linear=0
shrinkage=0.04


Tree=20
num_leaves=25
num_cat=0
split_feature=2 9 4 0 9 9 4 9 4 9 4 4 4 5 4 6 5 9 5 4 4 4 6 6
split_gain=2958.62 346.303 1146 334.279 348.951 787.97 145.405 144.711 76.999 65.5334 61.1739 86.5641 58.391 78.6875 171.305 73.1482 69.2214 51.5039 85.9977 47.6237 38.4611 73.6407 8.64864 3.60437
threshold=-2.9592882694284057 -1.0905864196992339 1.0216665933461864 0.74913504757291582 0.11885789814966023 -0.35148155879157633 1.1678312441462091 -0.41867290978318161 -0.26945448872068306 -1.5609258766404703 0.24212178907939708 -0.6714072784207461 -0.34253681412069453 1.0000000180025095e-35 -0.76885037895409469 0.98464209942862591 1.0000000180025095e-35 -0.6874383137496024 0.67499283280135014 0.15685907611271704 -0.64704650328740898 -0.95155619245412326 0.18881675943583826 0.30250609372052223
decision_type=2 2 2 2 2 2 2 2 2 2 2 2 2 2 2 2 2 2 2 2 2 2 2 2
left_child=-1 2 8 6 5 23 7 17 -2 -10 11 -6 13 15 -15 20 19 18 -3 -14 21 -9 -11 -5
right_child=1 3 -4 4 10 -7 -8 12 9 22 -12 -13 16 14 -16 -17 -18 -19 -20 -21 -22 -23 -24 -25
leaf_value=0.40518245581922863 0.029391461539836156 -0.086634256038311361 0.23531668389454866 0.0068420615196228031 0.0095362206362187858 0.26113429039716723 -0.10944382828474045 -0.02391685989641008 -0.091169764202833167 -0.029070574893401219 0.01786091888562227 -0.08624642868836721 -0.053759435479130063 -0.032456576387087502 0.1027191999902328 -0.068772115508715315 -0.075717879853521783 -0.10227884718444612 0.006279513835906983 0.013587326414528348 -0.04001067665871233 0.054046450845069351 0.003251795901192559 -0.014637229490280151
leaf_weight=29 42 37 39 25 26 28 40 42 25 26 39 36 28 30 30 36 48 45 28 42 32 36 27 25
leaf_count=29 42 37 39 25 26 28 40 42 25 26 39 36 28 30 30 36 48 45 28 42 32 36 27 25
internal_value=0.00818697 -0.00599145 0.0469466 -0.0188814 0.0276901 0.0912421 -0.0364685 -0.0297427 -0.0142737 -0.0377856 -0.0213896 -0.0460795 -0.0162844 -0.0034325 0.0351313 -0.0192806 -0.0387208 -0.0693835 -0.0466099 -0.0133514 -0.00308343 0.0120662 -0.0126045 -0.00389758
internal_weight=841 812 159 653 179 78 474 434 120 78 101 62 324 206 60 146 118 110 65 70 110 78 53 50
internal_count=841 812 159 653 179 78 474 434 120 78 101 62 324 206 60 146 118 110 65 70 110 78 53 50
is_linear=0
shrinkage=0.04


Tree=21
num_leaves=26
num_cat=0
split_feature=2 9 4 0 9 7 4 9 4 9 4 4 4 5 4 9 5 9 5 9 4 4 5 4 9
split_gain=2726.66 319.153 1056.15 308.071 321.593 726.193 134.006 133.366 70.9623 60.3956 56.3778 79.7775 53.8131 72.5184 157.874 67.3027 63.7944 47.466 79.2554 45.8091 43.89 21.3988 42.1251 1.12201 0.704818
threshold=-2.9592882694284057 -1.0905864196992339 1.0216665933461864 0.74913504757291582 0.11885789814966023 -0.32033061487554942 1.1678312441462091 -0.41867290978318161 -0.26945448872068306 -1.5609258766404703 0.24212178907939708 -0.6714072784207461 -0.34253681412069453 1.0000000180025095e-35 -0.76885037895409469 0.79077140806571256 1.0000000180025095e-35 -0.6874383137496024 0.67499283280135014 0.051666547158054986 0.15685907611271704 -1.0002777427207976 -0.25066273765626779 0.25430217664606569 -0.6874383137496024
decision_type=2 2 2 2 2 2 2 2 2 2 2 2 2 2 2 2 2 2 2 2 2 2 2 2 2
left_child=-1 2 8 6 5 24 7 17 -2 -10 11 -6 13 15 -15 19 20 18 -3 -9 -14 -21 -23 -11 -5
right_child=1 3 -4 4 10 -7 -8 12 9 23 -12 -13 16 14 -16 -17 -18 -19 -20 21 -22 22 -24 -25 -26
leaf_value=0.38897515728555876 0.028215804291622983 -0.083168886537487441 0.22590401201294019 -0.0084908054113388073 0.0091547698298325916 0.25068893376205648 -0.10506607603281737 -0.050666175654956271 -0.087522975978255271 -0.018031101501905001 0.017146480710078509 -0.082796570989820698 -0.051609057337045669 -0.031158311724662782 0.098610430116454761 -0.076854439423634457 -0.072689165434179207 -0.098187694270551823 0.0060283352860382626 -0.022165750971546879 0.013043832984708606 0.05392299895204844 -0.010548359041704852 -0.0063891219320120641 0.0010074443340301515
leaf_weight=29 42 37 39 25 26 28 40 28 25 26 39 36 28 30 30 26 48 45 28 27 42 31 34 27 25
leaf_count=29 42 37 39 25 26 28 40 28 25 26 39 36 28 30 30 26 48 45 28 27 42 31 34 27 25
internal_value=0.00785949 -0.00575179 0.0450687 -0.0181262 0.0265825 0.0875924 -0.0350098 -0.028553 -0.0137027 -0.0362742 -0.0205341 -0.0442363 -0.015633 -0.0032952 0.0337261 -0.0185094 -0.037172 -0.0666082 -0.0447455 -0.005868 -0.0128173 0.00776623 0.0201995 -0.0121003 -0.00374168
internal_weight=841 812 159 653 179 78 474 434 120 78 101 62 324 206 60 146 118 110 65 120 70 92 65 53 50
internal_count=841 812 159 653 179 78 474 434 120 78 101 62 324 206 60 146 118 110 65 120 70 92 65 53 50
is_linear=0
shrinkage=0.04


Tree=22
num_leaves=26
num_cat=0
split_feature=2 9 4 0 4 9 4 4 9 4 9 7 4 6 4 6 4 6 6 4 0 6 9 6 9
split_gain=2512.89 294.131 973.35 283.918 305.024 632.834 126.841 123.499 122.91 65.3989 55.6606 52.3091 49.5942 75.5329 121.828 130.747 58.3101 100.845 43.8233 34.3509 34.3143 32.9255 25.0403 8.00231 0.671409
threshold=-2.9592882694284057 -1.0905864196992339 1.0216665933461864 0.74913504757291582 -0.59832495302073463 0.11885789814966023 -0.18419177575400311 1.1678312441462091 -0.41867290978318161 -0.26945448872068306 -1.5609258766404703 1.0000000180025095e-35 -0.34253681412069453 -1.2891445862650526 -0.6714072784207461 0.98464209942862591 0.46136876527943149 -0.15225124341821353 0.64357409657457409 -0.96373658002079188 -1.0000000180025095e-35 -0.72069791484163315 -0.75462966474120774 0.18881675943583826 0.3876233021160812
decision_type=2 2 2 2 2 2 2 2 2 2 2 2 2 2 2 2 2 2 2 2 2 2 2 2 2
left_child=-1 2 9 7 5 -5 -6 8 18 -2 -11 -8 13 -10 15 19 17 -14 21 24 -16 -3 -23 -12 -15
right_child=1 3 -4 4 6 -7 11 -9 12 10 23 -13 16 14 20 -17 -18 -19 -20 -21 -22 22 -24 -25 -26
leaf_value=0.37341614855774519 0.027087170240424931 -0.081701092854622875 0.21686784886396848 0.22947963327169418 -0.077298250062125068 -0.02088144463513579 0.055773127059141794 -0.1008634332753718 -0.068335811853408812 -0.084022055816650384 -0.027455168446669211 -0.0112930278540874 -0.1196927390495936 -0.019029595756530761 0.084054646944177552 -0.086428298056125646 -0.0023180867731571199 -0.020608346643192426 -0.10714986486094338 0.03533754776418209 0.023035833378632863 -0.0019454607138266931 -0.058012539017200472 0.0036360000680994106 -0.0097591908931732169
leaf_weight=29 42 31 39 30 35 35 30 40 25 25 26 49 27 25 29 32 49 42 28 40 30 26 25 27 25
leaf_count=29 42 31 39 30 35 35 30 40 25 25 26 49 27 25 29 32 49 42 28 40 30 26 25 27 25
internal_value=0.00754511 -0.00552172 0.043266 -0.0174011 0.0255192 0.0946698 -0.0139088 -0.0336094 -0.0274109 -0.0131546 -0.0348233 0.0141751 -0.0150077 -0.00316339 0.00583832 -0.016983 -0.0356851 -0.0593805 -0.0639439 0.00770869 0.0530281 -0.0491906 -0.0294293 -0.0116163 -0.0143944
internal_weight=841 812 159 653 179 65 114 474 434 120 78 79 324 206 181 122 118 69 110 90 59 82 51 53 50
internal_count=841 812 159 653 179 65 114 474 434 120 78 79 324 206 181 122 118 69 110 90 59 82 51 53 50
is_linear=0
shrinkage=0.04


Tree=23
num_leaves=26
num_cat=0
split_feature=2 9 4 0 4 6 4 4 9 4 6 6 9 4 6 4 6 5 9 5 4 4 0 6 9
split_gain=2315.88 271.071 897.04 261.659 281.11 612.499 116.897 113.817 113.274 60.2716 51.8035 84.4022 51.2968 45.706 69.6112 112.277 120.497 57.7841 41.9035 71.4624 38.877 31.6578 31.624 7.37493 0.618772
threshold=-2.9592882694284057 -1.0905864196992339 1.0216665933461864 0.74913504757291582 -0.59832495302073463 0.075127425151154323 -0.18419177575400311 1.1678312441462091 -0.41867290978318161 -0.26945448872068306 0.64357409657457409 -0.60700858055694906 -1.5609258766404703 -0.34253681412069453 -1.2891445862650526 -0.6714072784207461 0.98464209942862591 1.0000000180025095e-35 -0.6874383137496024 0.67499283280135014 0.15685907611271704 -0.96373658002079188 -1.0000000180025095e-35 0.18881675943583826 0.3876233021160812
decision_type=2 2 2 2 2 2 2 2 2 2 2 2 2 2 2 2 2 2 2 2 2 2 2 2 2
left_child=-1 2 9 7 5 -5 -6 8 18 -2 11 -8 -11 14 -10 16 21 20 19 -3 -15 24 -17 -14 -16
right_child=1 3 -4 4 6 -7 10 -9 13 12 -12 -13 23 17 15 22 -18 -19 -20 -21 -22 -23 -24 -25 -26
leaf_value=0.35847950154337388 0.026003683769986744 -0.077329826532183468 0.20819314418694912 0.21179633601822637 -0.074206319706780571 -0.033808818217366934 -0.013693409252166749 -0.096828895121812822 -0.065602378606796269 -0.080661174297332772 -0.028923511094060439 0.090246362829208379 -0.026356962128327444 -0.047587968260049823 -0.018268412768840791 0.080692461831816317 -0.082971165552735329 -0.068060390570511414 -0.09105759328603745 0.007368666093264308 0.013260827490261622 0.033924045238643882 0.022114397843678791 0.0034905617325394242 -0.0093688187122344963
leaf_weight=29 42 37 39 33 35 32 25 40 25 25 29 25 26 28 25 29 32 48 45 28 42 40 30 27 25
leaf_count=29 42 37 39 33 35 32 25 40 25 25 29 25 26 28 25 29 32 48 45 28 42 40 30 27 25
internal_value=0.0072433 -0.00530085 0.0415354 -0.0167051 0.0244984 0.090883 -0.0133524 -0.032265 -0.0263145 -0.0126284 0.0136081 0.0382765 -0.0334303 -0.0144074 -0.00303686 0.00560479 -0.0163037 -0.0342577 -0.0613861 -0.0408443 -0.0110787 0.00740034 0.050907 -0.0111516 -0.0138186
internal_weight=841 812 159 653 179 65 114 474 434 120 79 50 78 324 206 181 122 118 110 65 70 90 59 53 50
internal_count=841 812 159 653 179 65 114 474 434 120 79 50 78 324 206 181 122 118 110 65 70 90 59 53 50
is_linear=0
shrinkage=0.04


Tree=24
num_leaves=26
num_cat=0
split_feature=3 9 9 9 0 9 8 6 9 9 9 6 6 9 5 8 6 6 6 5 8 6 6 8 9
split_gain=1023.22 697.056 295.108 862.398 228.294 298.881 710.987 130.321 72.4709 111.806 88.0729 64.2167 56.0672 45.626 48.3274 45.2974 52.8682 36.8744 35.3919 29.4112 27.2954 54.5576 26.0228 17.4293 32.7612
threshold=1.0000000180025095e-35 0.79077140806571256 -1.0905864196992339 -1.2249691216824441 0.74913504757291582 0.11885789814966023 -0.63134183865453442 0.87095276514394182 -0.41867290978318161 0.72358005707410744 1.5298762689733703 -1.1754552519803687 -0.49331924627226525 0.18604924914126547 -0.25066273765626779 -0.63134183865453442 -0.72069791484163315 0.64357409657457409 0.52988476228989012 0.67499283280135014 -0.63134183865453442 0.30250609372052223 -0.72069791484163315 -0.63134183865453442 1.2611108650069494
decision_type=2 2 2 2 2 2 2 2 2 2 2 2 2 2 2 2 2 2 2 2 2 2 2 2 2
left_child=2 -2 3 7 8 6 -6 15 17 11 23 -10 -7 20 -15 -1 -17 22 -14 -8 -13 -22 -4 -11 -25
right_child=1 -3 4 -5 5 12 19 -9 9 10 -12 13 18 14 -16 16 -18 -19 -20 -21 21 -23 -24 24 -26
leaf_value=0.021590076621089662 0.32373611890352694 0.040766086339950561 -0.075366594893557418 0.24122937175734291 0.25608251916170122 -0.073874930761478566 -0.033576098918341672 0.077454510971351906 -0.058121874455747936 -0.087053509071469318 0.006713274231978825 -0.03919890425886427 0.024036266343160109 0.070815615571778401 0.0022505112855057967 -0.082618701612507853 -0.011818360802200105 -0.1000193367259843 -0.033313072820504511 0.026589040343578042 0.045577628478921696 -0.027698045179650591 -0.028538856323884455 -0.033224170897965845 -0.086952937980492903
leaf_weight=28 26 30 31 29 25 27 26 27 29 40 35 35 33 29 38 27 45 28 36 26 29 37 49 46 30
leaf_count=28 26 30 31 29 25 27 26 27 29 40 35 35 33 29 38 27 45 28 36 26 29 37 49 46 30
internal_value=0.00695357 0.172145 -0.00483079 0.0444161 -0.0170446 0.0220792 0.0807844 -0.00052549 -0.0318877 -0.0230042 -0.0489012 -0.00315432 -0.0250073 0.00633413 0.0319279 -0.0215801 -0.0383685 -0.0605121 -0.00588513 -0.00349353 -0.0106439 0.00449884 -0.0466846 -0.0656814 -0.0544329
internal_weight=841 56 785 156 629 173 77 127 456 348 151 197 96 168 67 100 72 108 69 52 101 66 80 116 76
internal_count=841 56 785 156 629 173 77 127 456 348 151 197 96 168 67 100 72 108 69 52 101 66 80 116 76
is_linear=0
shrinkage=0.04


Tree=25
num_leaves=28
num_cat=0
split_feature=2 0 9 0 6 0 6 6 9 8 6 9 9 6 9 0 6 7 6 9 9 6 6 8 6 7 8
split_gain=2189.52 176.746 229.176 1122.45 226.375 256.272 234.686 1080.88 152.921 92.0758 88.1511 40.9074 36.9583 34.6123 58.5433 54.7988 81.7532 27.7152 25.485 22.8533 32.2542 22.0171 20.8774 19.6041 52.0494 30.5978 34.5867
threshold=-2.9592882694284057 -1.2485584126215259 -1.0905864196992339 -0.7491350475729156 1.5530887708520456 0.74913504757291582 0.30250609372052223 -0.15225124341821353 -0.62024696275799729 -0.63134183865453442 -0.49331924627226525 -1.2249691216824441 0.18604924914126547 0.75726343085925796 0.79077140806571256 -0.7491350475729156 -0.49331924627226525 -0.61331263118606871 1.0983314337133099 -1.5609258766404703 -1.4265431746572599 -0.94807658341100087 0.52988476228989012 -0.63134183865453442 -0.26594057770289742 1.0000000180025095e-35 1.0000000180025095e-35
decision_type=2 2 2 2 2 2 2 2 2 2 2 2 2 2 2 2 2 2 2 2 2 2 2 2 2 2 2
left_child=-1 8 3 -3 5 13 7 9 -2 -7 -10 19 -8 15 18 16 -4 -17 -15 -5 -21 -11 -12 24 -19 -25 -27
right_child=1 2 4 11 -6 6 12 -9 10 21 22 -13 -14 14 -16 17 -18 23 -20 20 -22 -23 -24 25 -26 26 -28
leaf_value=0.30938019050492183 -0.12043139959636488 0.27587807231479222 -0.052851532814758163 -0.024000851868680031 0.090209463490173225 -0.077262107462718568 -0.066781675951821468 0.26091095567867162 0.029833662740645871 0.036739088153397596 -0.081794943618774416 -0.053329418129645867 -0.0086521577749933531 -0.066235252761840821 -0.10358052462339401 -0.076692513684111258 0.036264881476759915 -0.08415018953584337 -0.012334460467100144 0.052513416290283201 -0.0054040514230728155 -0.015355200827121735 -0.030600092061437094 0.0097864074953671158 -0.011107797302581646 -0.012429997835840499 -0.064076049640411289
leaf_weight=36 38 27 28 33 32 29 35 30 31 27 25 26 35 25 32 31 40 37 32 25 40 25 26 29 27 42 41
leaf_count=36 38 27 28 33 32 29 35 30 31 27 25 26 35 25 32 31 40 37 32 25 40 25 26 29 27 42 41
internal_value=0.00384961 -0.00912103 -0.00170688 0.0421642 -0.0131879 -0.0192589 0.0196388 0.055809 -0.0541002 -0.0201546 -0.0233614 -0.00872516 -0.0377169 -0.0386009 -0.0602827 -0.0315838 -0.000430113 -0.0418179 -0.0359752 0.00310862 0.0168719 0.0116938 -0.0556956 -0.0356752 -0.0533354 -0.0255837 -0.0379419
internal_weight=884 848 728 151 577 545 181 111 120 81 82 124 70 364 89 275 68 207 57 98 65 52 51 176 64 112 83
internal_count=884 848 728 151 577 545 181 111 120 81 82 124 70 364 89 275 68 207 57 98 65 52 51 176 64 112 83
is_linear=0
shrinkage=0.04


Tree=26
num_leaves=28
num_cat=0
split_feature=3 9 4 5 1 6 6 4 9 4 5 9 4 4 4 9 4 4 5 4 4 7 4 8 4 4 6
split_gain=1414.92 443.887 179.274 1401.07 211.069 263.017 1328.26 90.2776 61.9947 49.2947 34.9463 60.906 55.9844 55.899 38.967 79.1391 69.7609 112.476 101.042 62.9924 55.0491 34.9111 30.5595 29.5417 18.9902 14.2012 12.9594
threshold=1.0000000180025095e-35 0.79077140806571256 1.0216665933461864 1.0000000180025095e-35 1.0000000180025095e-35 1.0000000180025095e-35 0.41619542800520609 -0.45216030222071174 -1.4265431746572599 -0.086748675220654506 -1.1763183081138855 -0.48586426077478684 -0.12328983792066023 0.26648256421273425 -0.37907797682070027 1.3954935669901598 -0.74448960382075746 -0.90283464218744902 1.0000000180025095e-35 -0.61050534058740313 0.4126472150127572 -0.32033061487554942 -1.1220816183874833 -0.63134183865453442 -0.56178379032072889 1.3505370576462379 0.41619542800520609
decision_type=2 2 2 2 2 2 2 2 2 2 2 2 2 2 2 2 2 2 2 2 2 2 2 2 2 2 2
left_child=2 -2 4 8 10 7 -7 -6 -4 -8 -1 12 23 -14 16 20 17 22 19 -18 26 -9 -13 -12 -25 -10 -16
right_child=1 -3 3 -5 5 6 9 21 25 -11 11 14 13 -15 15 -17 18 -19 -20 -21 -22 -23 -24 24 -26 -27 -28
leaf_value=0.00078386139996508325 0.30292265596060919 0.086856256946921354 0.0037075772762298585 0.25274703270591359 -0.073240299198362571 0.30213137392644529 0.0067891480392879913 0.03691437854216649 -0.09266707513067457 -0.055535532543183982 -0.1124384977972066 -0.040112268020366805 0.016801425585379968 -0.060628035085541862 -0.094188024371862411 0.019950768995285032 0.022988288623315319 -0.10125925387938818 0.070388868143481595 -0.063416345009097347 -0.012098960752288501 -0.028635234993237717 0.013540406799534473 -0.036435654008617771 -0.082790420401480894 -0.054291049086799222 -0.05791295363352849
leaf_weight=47 29 32 25 34 45 27 45 26 27 37 27 29 26 35 40 25 27 30 31 27 27 26 41 26 31 36 26
leaf_count=47 29 32 25 34 45 27 45 26 27 37 27 29 26 35 40 25 27 30 31 27 27 26 41 26 31 36 26
internal_value=0.00369563 0.189576 -0.0100817 0.0346689 -0.0178699 0.0161538 0.0587912 -0.0317583 -0.0495886 -0.021333 -0.0320293 -0.0354718 -0.0567918 -0.0276253 -0.0252691 -0.0432302 -0.0138129 -0.0364588 0.0128294 -0.020214 -0.0602143 0.00413957 -0.00868713 -0.0779723 -0.0616461 -0.0707379 -0.0798978
internal_weight=884 61 823 122 701 206 109 97 88 82 495 448 145 61 303 118 185 100 85 54 93 52 70 84 57 63 66
internal_count=884 61 823 122 701 206 109 97 88 82 495 448 145 61 303 118 185 100 85 54 93 52 70 84 57 63 66
is_linear=0
shrinkage=0.04


Tree=27
num_leaves=28
num_cat=0
split_feature=3 9 4 5 1 4 6 9 9 4 9 5 9 4 4 4 9 4 4 5 4 4 7 8 4 4 6
split_gain=1303.99 409.086 165.219 1291.23 194.521 253.914 601.102 64.6693 146.732 87.6207 57.1343 32.2065 56.1309 51.5953 51.5165 35.912 72.9346 64.2917 103.658 93.12 58.0538 50.7332 28.3159 27.2257 17.5013 13.0878 11.9434
threshold=1.0000000180025095e-35 0.79077140806571256 1.0216665933461864 1.0000000180025095e-35 1.0000000180025095e-35 -0.59832495302073463 1.0000000180025095e-35 1.193919514015344 -0.21709885680836591 -0.086748675220654506 -1.4265431746572599 -1.1763183081138855 -0.48586426077478684 -0.12328983792066023 0.26648256421273425 -0.37907797682070027 1.3954935669901598 -0.74448960382075746 -0.90283464218744902 1.0000000180025095e-35 -0.61050534058740313 0.4126472150127572 0.26563341774548938 -0.63134183865453442 -0.56178379032072889 1.3505370576462379 0.41619542800520609
decision_type=2 2 2 2 2 2 2 2 2 2 2 2 2 2 2 2 2 2 2 2 2 2 2 2 2 2 2
left_child=2 -2 4 10 11 6 -6 8 9 -7 -4 -1 13 23 -15 17 21 18 22 20 -19 26 -14 -13 -25 -12 -17
right_child=1 -3 3 -5 5 7 -8 -9 -10 -11 25 12 15 14 -16 16 -18 19 -20 -21 -22 -23 -24 24 -26 -27 -28
leaf_value=0.00075250803156101957 0.29080574561809674 0.083382000699639316 0.0035592738151550289 0.24263715063824376 -0.045228246197556006 0.061494519805908206 0.19111895518170463 0.034809871517842816 -0.10086673702705991 -0.030854916454603278 -0.088960392828340881 -0.10794095878247861 -0.036874616399647724 0.016129370240064771 -0.058202914203916274 -0.090420503944158556 0.019152736330032349 0.022068755935739585 -0.09720888280868531 0.067573314674438972 -0.060879690029003009 -0.011615002933475707 0.01434199727498568 -0.034978227036503648 -0.079478804190312669 -0.05211940755446752 -0.055596436628928547
leaf_weight=47 29 32 25 34 33 25 36 31 33 48 27 27 31 26 35 40 25 27 30 31 27 27 39 26 31 36 26
leaf_count=47 29 32 25 34 33 25 36 31 33 48 27 27 31 26 35 40 25 27 30 31 27 27 39 26 31 36 26
internal_value=0.0035478 0.181993 -0.00967841 0.0332821 -0.0171551 0.0155077 0.0780833 -0.0160085 -0.0308705 0.000771603 -0.0476051 -0.0307481 -0.0340529 -0.0545201 -0.0265203 -0.0242583 -0.041501 -0.0132603 -0.0350004 0.0123162 -0.0194055 -0.0578057 -0.00833965 -0.0748534 -0.0591803 -0.0679084 -0.0767019
internal_weight=884 61 823 122 701 206 69 137 106 73 88 495 448 145 61 303 118 185 100 85 54 93 70 84 57 63 66
internal_count=884 61 823 122 701 206 69 137 106 73 88 495 448 145 61 303 118 185 100 85 54 93 70 84 57 63 66
is_linear=0
shrinkage=0.04


Tree=28
num_leaves=29
num_cat=0
split_feature=2 0 9 0 6 0 6 6 9 6 5 5 9 9 9 6 9 0 0 6 7 7 6 6 6 0 6 6
split_gain=1786.3 152.023 216.147 1033.86 207.687 210.921 229.04 961.667 137.18 91.4988 41.4582 40.7959 47.0082 31.3269 60.9077 57.8769 69.0385 42.36 59.128 30.4523 25.7514 30.4755 22.8889 17.7891 15.0369 14.7292 36.3975 12.0222
threshold=-2.9592882694284057 -1.2485584126215259 -1.0905864196992339 -0.7491350475729156 1.5530887708520456 0.74913504757291582 0.075127425151154323 -0.49331924627226525 -0.82182101573281285 -0.49331924627226525 1.0000000180025095e-35 -0.71349052288507664 -1.5609258766404703 0.79077140806571256 -0.28429020779997111 0.75726343085925796 1.0595368120321338 -1.0000000180025095e-35 1.0000000180025095e-35 -0.26594057770289742 0.85159745036652823 -0.32033061487554942 -0.83438724912631701 -0.72069791484163315 0.18881675943583826 1.0000000180025095e-35 0.30250609372052223 0.64357409657457409
decision_type=2 2 2 2 2 2 2 2 2 2 2 2 2 2 2 2 2 2 2 2 2 2 2 2 2 2 2 2
left_child=-1 8 3 -3 5 13 7 10 -2 -10 -7 12 -5 14 17 16 -15 24 -19 -18 21 -8 -16 -13 -4 26 -24 -11
right_child=1 2 4 11 -6 6 20 -9 9 27 -12 23 -14 15 22 -17 19 18 -20 -21 -22 -23 25 -25 -26 -27 -28 -29
leaf_value=0.27937292933464053 -0.12248977424636964 0.26547333531909517 -0.0030109795469504138 -0.031994367313385008 0.086454015735071152 -0.049938010805182995 -0.047509771177062288 0.26167008576569734 0.028049494569951837 -0.073801076987694045 0.012635922117624432 -0.057838085252218521 0.036149554712616883 -0.086854943216874689 -0.039732480380804305 -0.098676816076040272 -0.035440949830744001 -0.11687388203762195 -0.033161490272592617 0.022025411778688435 -0.063652730652919182 0.0097925774256388352 0.038502662905624936 -0.011482063134511311 -0.045255509622927223 -0.025285033157893589 -0.017352346871048214 -0.036710427414487906
leaf_weight=36 31 27 26 25 32 36 27 27 33 29 32 26 46 29 31 32 36 27 27 25 26 33 35 27 28 28 40 27
leaf_count=36 31 27 26 25 32 36 27 27 33 29 32 26 46 29 31 32 36 27 27 25 26 33 35 27 28 28 40 27
internal_value=0.00340589 -0.00830969 -0.00143359 0.0411721 -0.0125835 -0.0183985 0.01689 0.0597018 -0.0500247 -0.024784 -0.0204915 -0.00766763 0.0121552 -0.0359458 -0.027614 -0.0524729 -0.0360448 -0.0499666 -0.0750177 -0.0118892 -0.0304021 -0.0159935 -0.00959842 -0.0342228 -0.0249156 -0.000528948 0.00871332 -0.0559181
internal_weight=884 848 728 151 577 545 181 95 120 89 68 124 71 364 242 122 90 108 54 61 86 60 134 53 54 103 75 56
internal_count=884 848 728 151 577 545 181 95 120 89 68 124 71 364 242 122 90 108 54 61 86 60 134 53 54 103 75 56
is_linear=0
shrinkage=0.04


Tree=29
num_leaves=28
num_cat=0
split_feature=2 0 9 0 4 4 4 7 4 4 8 4 4 0 4 9 9 4 9 4 4 4 0 4 4 4 7
split_gain=1646.25 140.105 199.201 952.806 188.679 614.347 151.752 126.866 86.6147 115.348 81.606 51.305 82.6718 43.1472 68.7518 37.3575 33.5633 59.5534 32.745 31.1191 69.9023 28.2909 24.6808 53.9248 40.3959 16.6328 5.37968
threshold=-2.9592882694284057 -1.2485584126215259 -1.0905864196992339 -0.7491350475729156 -0.59832495302073463 -0.65922689085407749 -0.22073293845400885 -0.90629464749658817 1.502791902229595 0.92422349281283744 -0.63134183865453442 0.5588118658127802 1.0000000180025095e-35 -1.0000000180025095e-35 -0.96373658002079188 -0.21709885680836591 -1.2249691216824441 -0.23291332602067741 0.18604924914126547 -0.65922689085407749 -0.14765061305399738 1.0947489187461976 -1.0000000180025095e-35 -0.34253681412069453 -0.47652107735404886 0.35174527717941434 -0.32033061487554942
decision_type=2 2 2 2 2 2 2 2 2 2 2 2 2 2 2 2 2 2 2 2 2 2 2 2 2 2 2
left_child=-1 7 3 -3 5 10 22 -2 9 11 18 12 15 -12 -15 -8 17 -5 -4 -9 -21 -19 -6 24 -24 26 -14
right_child=1 2 4 16 6 -7 8 19 -10 -11 13 -13 25 14 -16 -17 -18 21 -20 20 -22 -23 23 -25 -26 -27 -28
leaf_value=0.26819801237848068 -0.12257529403482165 0.25485440430817785 -0.069950659436148574 0.05392279689510663 -0.039112630495003291 0.18946408132026935 0.056027934646606443 -0.060505569087607521 0.047577850415426143 -0.077428441666390596 0.043814773254278232 0.029994678017885787 -0.045039344010529697 -0.056311428014721186 0.02500073187234925 -0.012454216508911207 -0.04776339466755207 -0.037469198002320965 -0.011375251274842482 0.037454501901354111 -0.046814052926169504 0.013647189855575561 -0.091925529956817617 -0.12413921671254295 -0.021362275790285181 -0.020402571405133893 -0.070789973849058149
leaf_weight=36 28 27 37 27 35 29 25 28 34 46 41 46 27 28 41 26 26 41 26 28 36 30 25 28 27 31 25
leaf_count=36 28 27 37 27 35 29 25 28 34 46 41 46 27 28 41 26 26 41 26 28 36 30 25 28 27 31 25
internal_value=0.00326965 -0.00797731 -0.00137625 0.0395253 -0.0120801 0.0190854 -0.0288679 -0.0480237 -0.011945 -0.0208998 -0.00947523 -0.0064536 -0.0189657 0.0113156 -0.00799551 0.0211155 -0.00736092 0.0033581 -0.0457767 -0.0253341 -0.00994656 -0.0158707 -0.0671283 -0.0793852 -0.0552869 -0.0435939 -0.0574195
internal_weight=884 848 728 151 577 202 375 120 260 226 173 180 134 110 69 51 124 98 63 92 64 71 115 80 52 83 52
internal_count=884 848 728 151 577 202 375 120 260 226 173 180 134 110 69 51 124 98 63 92 64 71 115 80 52 83 52
is_linear=0
shrinkage=0.04


Tree=30
num_leaves=27
num_cat=0
split_feature=2 4 4 6 9 9 4 9 9 4 6 6 1 4 4 4 4 9 9 9 4 6 8 9 8 4
split_gain=1749.17 259.206 813.328 272.162 174.605 485.244 688.466 65.3437 154.77 99.5106 84.2562 81.9877 39.0981 37.2851 61.5604 61.0566 57.1243 51.1451 30.4457 59.3251 23.5191 22.3903 20.3152 17.6578 17.2265 8.42829
threshold=-2.9592882694284057 1.0216665933461864 1.1921920192795461 0.87095276514394182 -0.14990750581676068 0.11885789814966023 -0.62268572815407175 1.2611108650069494 0.79077140806571256 0.18121985124605419 0.64357409657457409 0.75726343085925796 1.0000000180025095e-35 0.49790992797943717 -0.50088185248738604 -0.65922689085407749 -0.34253681412069453 -0.6874383137496024 -1.2921604726740494 -0.6874383137496024 -0.038027124953980203 -0.49331924627226525 -0.63134183865453442 -1.0233950687076285 1.0000000180025095e-35 0.4126472150127572
decision_type=2 2 2 2 2 2 2 2 2 2 2 2 2 2 2 2 2 2 2 2 2 2 2 2 2 2
left_child=-1 4 -3 21 13 6 -6 8 10 -10 12 25 22 14 15 17 -16 -2 -18 23 -21 -4 -7 -20 -24 -9
right_child=1 2 3 -5 5 7 -8 11 9 -11 -12 -13 -14 -15 16 -17 18 -19 19 20 -22 -23 24 -25 -26 -27
leaf_value=0.29715138763189314 -0.0064195064997131183 0.25322561817169187 -0.066373480612581429 0.11106337547302246 0.0020506785362958907 0.021330110321824369 0.26963333285152913 0.02759541244166238 -0.11536374318890456 -0.022809999795521008 0.044229782265286115 -0.044773783110655267 -0.062636882577623634 -0.069668677747249608 0.030172323601113424 -0.10766420332193376 -0.06194781591494878 -0.067761924516322999 0.033844227826015816 -0.073715443699448199 -0.023023439142853021 -0.021605606996096097 -0.045220872874443353 -0.0082368040314087492 -0.00038209337741136552 0.058004360544681548
leaf_weight=32 44 25 33 25 40 26 25 35 41 34 43 26 28 41 36 25 30 43 27 27 32 39 26 39 29 25
leaf_count=32 44 25 33 25 40 26 25 35 41 34 43 26 28 41 36 25 30 43 27 27 32 39 26 39 29 25
internal_value=0.00686894 -0.00413703 0.0497892 -0.00264288 -0.0132492 0.00551599 0.104967 -0.0151368 -0.0263861 -0.073406 -0.00318548 0.0145562 -0.0218906 -0.0338691 -0.029025 -0.0525699 -0.0152185 -0.0367382 -0.0257609 -0.0170761 -0.0462215 -0.0421242 -0.00780544 0.00897816 -0.0215786 0.0402658
internal_weight=876 844 122 97 722 378 65 313 227 75 152 86 109 344 303 112 191 87 155 125 59 72 81 66 55 60
internal_count=876 844 122 97 722 378 65 313 227 75 152 86 109 344 303 112 191 87 155 125 59 72 81 66 55 60
is_linear=0
shrinkage=0.04


Tree=31
num_leaves=27
num_cat=0
split_feature=2 4 5 9 9 4 0 9 9 4 0 5 5 4 8 9 9 9 4 4 4 4 4 4 4 8
split_gain=1612.04 238.884 1216.74 160.916 447.201 634.49 90.9736 60.2208 142.636 91.709 50.3065 54.6513 43.4128 38.8317 31.0542 38.0963 45.0344 28.19 23.1678 42.146 24.4635 15.1913 14.1164 47.9023 25.3278 104.492
threshold=-2.9592882694284057 1.0216665933461864 1.0000000180025095e-35 -0.14990750581676068 0.11885789814966023 -0.62268572815407175 1.0000000180025095e-35 1.2611108650069494 0.79077140806571256 0.18121985124605419 -1.2485584126215259 -1.1763183081138855 -0.25066273765626779 0.19340023881272278 -0.63134183865453442 -0.9562037177160233 -0.55305561176639195 -0.82182101573281285 -0.92719541732078625 -0.74448960382075746 -1.0855404556874777 -0.59832495302073463 -0.12328983792066023 0.10813752584604273 -0.70794844112075184 1.0000000180025095e-35
decision_type=2 2 2 2 2 2 2 2 2 2 2 2 2 2 2 2 2 2 2 2 2 2 2 2 2 2
left_child=-1 3 6 10 5 -5 -3 8 18 -10 17 -12 13 -9 15 -13 -17 -2 20 -20 -6 -21 24 -24 -16 -26
right_child=1 2 -4 4 7 -7 -8 12 9 -11 11 14 -14 -15 22 16 -18 -19 19 21 -22 -23 23 -25 25 -27
leaf_value=0.28526532880961897 -0.098085075387587914 -0.069194330200552948 0.24695862003735133 0.0019686517119407655 -0.0078021567397647427 0.25884799220561983 0.013053487401742201 -0.041823634207248689 -0.11074919433128542 -0.021897599837359262 0.020148932137009173 -0.094086814689636228 0.050892215371131901 0.02601644778141269 -0.0066179175125925162 0.0051148013830184932 -0.067576547956947869 -0.03973022699356079 -0.058128629060318834 0.024984935268207834 0.047110122060775757 -0.012663162071654138 0.035261788463592528 -0.03326898407428823 -0.003607423772683015 -0.10602590594972883
leaf_weight=32 26 48 35 40 27 25 39 27 41 34 36 25 32 27 38 25 30 27 26 27 25 47 25 47 37 28
leaf_count=32 26 48 35 40 27 25 39 27 41 34 36 25 32 27 38 25 30 27 26 27 25 47 25 47 37 28
internal_value=0.00659418 -0.00397155 0.0477976 -0.0127193 0.00529535 0.100768 -0.0323246 -0.0145313 -0.0253307 -0.0704698 -0.0325144 -0.0259863 0.0139739 -0.00790359 -0.0324995 -0.053145 -0.034535 -0.0683571 -0.00305806 -0.0143192 0.018598 0.00107331 -0.0230616 -0.00947358 -0.03256 -0.0477262
internal_weight=876 844 122 722 378 65 87 313 227 75 344 291 86 54 255 80 55 53 152 100 52 74 175 72 103 65
internal_count=876 844 122 722 378 65 87 313 227 75 344 291 86 54 255 80 55 53 152 100 52 74 175 72 103 65
is_linear=0
shrinkage=0.04


Tree=32
num_leaves=27
num_cat=0
split_feature=2 4 5 7 7 5 1 6 4 4 4 4 6 8 6 6 6 7 6 4 4 4 7 5 4 4
split_gain=1485.66 220.156 1121.35 126.378 493.01 1226.01 57.9247 70.9599 53.2402 105.568 70.7467 47.6251 71.4236 34.478 72.7573 39.1454 38.4747 28.5831 27.8964 26.8221 46.7751 45.5541 29.1102 23.2 50.4742 15.5141
threshold=-2.9592882694284057 1.0216665933461864 1.0000000180025095e-35 1.0000000180025095e-35 0.26563341774548938 -0.25066273765626779 1.0000000180025095e-35 -0.15225124341821353 0.70497651661280314 0.15685907611271704 -0.91501502975411764 -0.69576805355408322 -0.60700858055694906 -0.63134183865453442 1.2120207679979937 0.64357409657457409 1.0983314337133099 0.55861543405600889 1.0000000180025095e-35 -0.40343875195403744 0.30302372691273999 -0.65922689085407749 -0.90629464749658817 1.1378206180301593 -0.34253681412069453 -0.33035642655402603
decision_type=2 2 2 2 2 2 2 2 2 2 2 2 2 2 2 2 2 2 2 2 2 2 2 2 2 2
left_child=-1 3 6 13 5 -5 7 -3 9 10 17 -12 -13 16 15 19 23 -6 -11 21 22 -15 -21 24 -2 -14
right_child=1 2 -4 4 8 -7 -8 -9 -10 18 11 12 25 14 -16 -17 -18 -19 -20 20 -22 -23 -24 -25 -26 -27
leaf_value=0.27385471653193239 0.017258401523033779 -0.10211133911059453 0.23708028144495827 -0.027508468615512052 0.042618351268768312 0.30554530441761019 0.020367772746086123 -0.015390325586001079 -0.07026751619701585 0.0076539395915137401 -0.083941748571746494 -0.081302592317263292 0.0083006861660538649 -0.014246304022229237 0.032641584343380402 -0.063438568058468051 -0.090208173274993905 -0.016225858173732247 0.065704075430448233 -0.017849941616577488 -0.047937357118052824 -0.078957813084125514 0.034080061935461481 -0.061531941637848364 -0.054961143359541893 -0.028862910754978658
leaf_weight=32 30 26 35 48 25 28 25 36 30 27 34 30 41 46 36 42 25 28 26 31 31 28 39 33 32 32
leaf_count=32 30 26 35 48 25 28 25 36 30 27 34 30 41 46 36 42 25 28 26 31 31 28 39 33 32 32
internal_value=0.00633041 -0.00381269 0.0458857 -0.0122105 0.00509041 0.0951956 -0.0310316 -0.0517572 -0.0199938 -0.0137872 -0.0277118 -0.0428933 -0.0293433 -0.0283982 -0.0200227 -0.0287597 -0.0460564 0.0115308 0.0361314 -0.0204368 -0.00703251 -0.0387317 0.0110825 -0.0344375 -0.0200162 -0.00799021
internal_weight=876 844 122 722 349 76 87 62 273 243 190 137 103 373 253 217 120 53 53 175 101 74 70 95 62 73
internal_count=876 844 122 722 349 76 87 62 273 243 190 137 103 373 253 217 120 53 53 175 101 74 70 95 62 73
is_linear=0
shrinkage=0.04


Tree=33
num_leaves=26
num_cat=0
split_feature=2 6 6 9 9 6 6 9 8 6 6 9 7 7 6 8 5 7 1 9 8 5 7 9 6
split_gain=1369.18 143.763 1106.78 161.502 771.045 284.192 58.714 66.4043 47.3349 37.3425 49.1729 34.4794 41.9776 32.4811 76.8738 31.9314 37.1891 31.5998 18.3477 35.4991 43.5569 31.4561 17.2945 7.70151 0.321758
threshold=-2.9592882694284057 -0.94807658341100087 -0.83438724912631701 0.051666547158054986 0.18604924914126547 1.4393994365673617 0.75726343085925796 0.79077140806571256 1.0000000180025095e-35 -0.15225124341821353 0.18881675943583826 -1.157777770690839 0.55861543405600889 -1.1992766638071075 0.98464209942862591 -0.63134183865453442 1.0000000180025095e-35 1.1445794666770477 1.0000000180025095e-35 -0.28429020779997111 1.0000000180025095e-35 1.1378206180301593 -0.61331263118606871 -1.3593518236656548 -1.2891445862650526
decision_type=2 2 2 2 2 2 2 2 2 2 2 2 2 2 2 2 2 2 2 2 2 2 2 2 2
left_child=-1 11 -3 13 -5 6 8 -8 9 -6 -11 -2 15 14 23 -13 -17 -10 19 20 21 -15 -20 -4 -14
right_child=1 2 3 4 5 -7 7 -9 17 10 -12 12 24 18 -16 16 -18 -19 22 -21 -22 -23 -24 -25 -26
leaf_value=0.26290052436292172 -0.070206756972604339 0.24663393871537573 -0.017250420626921531 0.19123256264414107 -0.050087562334537504 0.10631059671541855 0.0015242148399353028 -0.078318222665786752 -0.0058006243221461777 0.037302447248388222 -0.032560722082853315 -0.046962453058132764 -0.050765098621105328 0.0098174289049524251 0.053742696094512939 0.041298723088370431 -0.020442463900591873 0.054219146060943607 -0.030597319277003408 0.0068410343363096843 -0.070419730175109149 -0.041133415610232253 -0.071283081463405062 -0.045041511825941224 -0.056832991264484545
leaf_weight=32 36 29 39 35 50 31 25 50 32 27 40 26 29 33 25 27 37 25 32 38 42 47 35 27 27
leaf_count=32 36 29 39 35 50 31 25 50 32 27 40 26 29 33 25 27 37 25 32 38 42 47 35 27 27
internal_value=0.0060772 -0.00366018 0.00499586 -0.00607445 0.014226 -0.00789986 -0.0221188 -0.0517041 -0.00936656 -0.0239286 -0.00440691 -0.0351453 -0.0265001 -0.0261834 -0.00599253 -0.00958144 0.0056046 0.0205238 -0.0342775 -0.0269185 -0.0374338 -0.0201162 -0.0518511 -0.0286195 -0.0536907
internal_weight=876 844 662 633 315 280 249 75 174 117 67 182 146 318 91 90 64 57 227 160 122 80 67 66 56
internal_count=876 844 662 633 315 280 249 75 174 117 67 182 146 318 91 90 64 57 227 160 122 80 67 66 56
is_linear=0
shrinkage=0.04


Tree=34
num_leaves=27
num_cat=0
split_feature=2 4 4 6 9 9 9 9 4 6 6 8 6 4 6 4 6 6 9 9 9 4 9 4 4 4
split_gain=1261.84 207.747 747.031 249.28 135.295 689.228 55.2133 125.484 79.8764 73.3531 68.3895 45.4989 50.5035 50.63 72.0536 44.7895 39.1191 30.0078 39.9733 59.3554 26.421 32.7151 26.0227 6.83898 3.19058 1.19121
threshold=-2.9592882694284057 1.0216665933461864 1.1921920192795461 0.87095276514394182 0.051666547158054986 0.18604924914126547 1.2611108650069494 0.79077140806571256 0.18121985124605419 0.75726343085925796 0.41619542800520609 -0.63134183865453442 1.2120207679979937 -0.75666999138742608 0.64357409657457409 -0.91501502975411764 -1.2891445862650526 1.0983314337133099 -0.6874383137496024 -1.0905864196992339 -0.48586426077478684 -0.12328983792066023 1.193919514015344 0.4126472150127572 -0.54960340275406028 -0.65922689085407749
decision_type=2 2 2 2 2 2 2 2 2 2 2 2 2 2 2 2 2 2 2 2 2 2 2 2 2 2
left_child=-1 4 -3 22 11 -6 7 10 -9 23 15 17 13 -13 16 -7 -15 18 19 -2 21 -18 -4 -8 -17 -20
right_child=1 2 3 -5 5 6 9 8 -10 -11 -12 12 -14 14 -16 24 20 -19 25 -21 -22 -23 -24 -25 -26 -27
leaf_value=0.25238450468517842 -0.053383268245628904 0.23973253459930419 -0.025732737790713917 0.1033354146361351 0.17239937361743715 0.014483023323118687 0.02683508287157331 -0.10313828429070915 -0.02021651954335325 -0.04218853485125762 0.036711860432916757 0.011347244083881379 0.025264571808479928 -0.062729051824538931 -0.088295600486524184 -0.055197695019068543 -0.055978415050776678 -0.086441296362876882 -0.057069456487894056 0.031413430613279343 0.017493085598244387 -0.0039783999384665975 -0.07624343481063843 0.054227297955751423 -0.03536669704914093 -0.069417518806457523
leaf_weight=32 28 25 47 25 36 32 35 41 34 26 49 48 37 31 33 27 32 25 25 25 34 49 25 25 25 25
leaf_count=32 28 25 47 25 36 32 35 41 34 26 49 48 37 31 33 27 32 25 25 25 34 49 25 25 25 25
internal_value=0.00583411 -0.00351377 0.0447637 -0.00548597 -0.0116715 0.00720057 -0.0130279 -0.024174 -0.0655471 0.0139303 -0.000843363 -0.0275586 -0.0180696 -0.0251329 -0.0349153 -0.0227506 -0.0228499 -0.0471297 -0.0375881 -0.0133848 -0.0120999 -0.0245216 -0.0432712 0.0382485 -0.0456636 -0.0632435
internal_weight=876 844 122 97 722 330 294 208 75 86 133 392 264 227 179 84 146 128 103 53 115 81 72 60 52 50
internal_count=876 844 122 97 722 330 294 208 75 86 133 392 264 227 179 84 146 128 103 53 115 81 72 60 52 50
is_linear=0
shrinkage=0.04


Tree=35
num_leaves=25
num_cat=0
split_feature=2 4 0 4 0 7 9 9 4 4 0 6 6 4 6 6 4 6 6 9 8 0 4 0
split_gain=797.781 237.066 524.413 291.109 174.378 317.562 1069.57 45.2814 41.5636 79.2957 35.1573 26.8797 51.6421 21.1661 29.0388 42.6334 56.83 43.4849 56.8504 52.4801 44.2904 37.5369 20.0623 9.01566
threshold=-2.9592882694284057 1.0216665933461864 -0.7491350475729156 1.8742937230129866 0.74913504757291582 0.55861543405600889 0.051666547158054986 -0.55305561176639195 -1.2073443313541634 -1.0855404556874777 1.2485584126215263 -1.5165232548344203 -1.2891445862650526 -0.90283464218744902 -0.94807658341100087 -0.26594057770289742 0.66843535391279729 0.75726343085925796 1.2120207679979937 0.18604924914126547 -0.63134183865453442 -1.0000000180025095e-35 1.4114389954795807 -1.0000000180025095e-35
decision_type=2 2 2 2 2 2 2 2 2 2 2 2 2 2 2 2 2 2 2 2 2 2 2 2
left_child=-1 4 -3 22 8 6 7 10 -2 -10 -6 -11 -13 -14 -15 21 17 19 -19 23 -20 -16 -4 -17
right_child=1 2 3 -5 5 -7 -8 -9 9 11 -12 12 13 14 15 16 -18 18 20 -21 -22 -23 -24 -25
leaf_value=0.20268845522403717 0.020061500602298311 0.19669767013617925 -0.072315430231392391 0.11178275864124299 0.028777580344399742 -0.073269776610695586 0.23811292814356941 -0.04794355994462967 -0.095065464932343052 0.0097447033325831107 -0.024406045804152617 -0.081935814235891621 0.0022522620665721407 0.007591561214067042 -0.08322857741699663 -0.010840477451034215 -0.078507043082000946 -0.071587606323036276 -0.053682155704498288 0.032538755575815842 0.014870338439941407 -0.023716523540871486 -0.025952325974191941 -0.039025991032520933
leaf_weight=30 27 28 32 25 43 49 35 40 29 30 37 28 39 32 43 46 28 44 25 45 38 28 28 30
leaf_count=30 27 28 32 25 43 49 35 40 29 30 37 28 39 32 43 46 28 44 25 45 38 28 28 30
internal_value=4.99979e-05 -0.00728312 0.0465606 -0.00289635 -0.0157808 0.0154922 0.0435524 -0.0131944 -0.0282411 -0.0309301 0.00418015 -0.0268514 -0.0294285 -0.0257346 -0.0287749 -0.0323337 -0.0247275 -0.018123 -0.0366994 -0.00169585 -0.012333 -0.059759 -0.0506793 -0.0219663
internal_weight=859 829 113 85 716 204 155 120 512 485 80 456 426 398 359 327 256 228 107 121 63 71 60 76
internal_count=859 829 113 85 716 204 155 120 512 485 80 456 426 398 359 327 256 228 107 121 63 71 60 76
is_linear=0
shrinkage=0.04


end of trees

feature_importances:
Column_4=284
Column_9=183
Column_6=162
Column_0=80
Column_5=70
Column_7=51
Column_8=41
Column_2=29
Column_1=8
Column_3=6

parameters:
[boosting: gbdt]
[objective: regression]
[metric: rmse]
[tree_learner: serial]
[device_type: cpu]
[data_sample_strategy: bagging]
[data: ]
[valid: ]
[num_iterations: 36]
[learning_rate: 0.04]
[num_leaves: 45]
[num_threads: 0]
[seed: 0]
[deterministic: 0]
[force_col_wise: 0]
[force_row_wise: 0]
[histogram_pool_size: -1]
[max_depth: -1]
[min_data_in_leaf: 25]
[min_sum_hessian_in_leaf: 0.001]
[bagging_fraction: 0.8]
[pos_bagging_fraction: 1]
[neg_bagging_fraction: 1]
[bagging_freq: 5]
[bagging_seed: 3]
[bagging_by_query: 0]
[feature_fraction: 0.8]
[feature_fraction_bynode: 1]
[feature_fraction_seed: 2]
[extra_trees: 0]
[extra_seed: 6]
[early_stopping_round: 0]
[early_stopping_min_delta: 0]
[first_metric_only: 0]
[max_delta_step: 0]
[lambda_l1: 0]
[lambda_l2: 0]
[linear_lambda: 0]
[min_gain_to_split: 0]
[drop_rate: 0.1]
[max_drop: 50]
[skip_drop: 0.5]
[xgboost_dart_mode: 0]
[uniform_drop: 0]
[drop_seed: 4]
[top_rate: 0.2]
[other_rate: 0.1]
[min_data_per_group: 100]
[max_cat_threshold: 32]
[cat_l2: 10]
[cat_smooth: 10]
[max_cat_to_onehot: 4]
[top_k: 20]
[monotone_constraints: ]
[monotone_constraints_method: basic]
[monotone_penalty: 0]
[feature_contri: ]
[forcedsplits_filename: ]
[refit_decay_rate: 0.9]
[cegb_tradeoff: 1]
[cegb_penalty_split: 0]
[cegb_penalty_feature_lazy: ]
[cegb_penalty_feature_coupled: ]
[path_smooth: 0]
[interaction_constraints: ]
[verbosity: -1]
[saved_feature_importance_type: 0]
[use_quantized_grad: 0]
[num_grad_quant_bins: 4]
[quant_train_renew_leaf: 0]
[stochastic_rounding: 1]
[linear_tree: 0]
[max_bin: 255]
[max_bin_by_feature: ]
[min_data_in_bin: 3]
[bin_construct_sample_cnt: 200000]
[data_random_seed: 1]
[is_enable_sparse: 1]
[enable_bundle: 1]
[use_missing: 1]
[zero_as_missing: 0]
[feature_pre_filter: 1]
[pre_partition: 0]
[two_round: 0]
[header: 0]
[label_column: ]
[weight_column: ]
[group_column: ]
[ignore_column: ]
[categorical_feature: ]
[forcedbins_filename: ]
[precise_float_parser: 0]
[parser_config_file: ]
[objective_seed: 5]
[num_class: 1]
[is_unbalance: 0]
[scale_pos_weight: 1]
[sigmoid: 1]
[boost_from_average: 1]
[reg_sqrt: 0]
[alpha: 0.9]
[fair_c: 1]
[poisson_max_delta_step: 0.7]
[tweedie_variance_power: 1.5]
[lambdarank_truncation_level: 30]
[lambdarank_norm: 1]
[label_gain: ]
[lambdarank_position_bias_regularization: 0]
[eval_at: ]
[multi_error_top_k: 1]
[auc_mu_weights: ]
[num_machines: 1]
[local_listen_port: 12400]
[time_out: 120]
[machine_list_filename: ]
[machines: ]
[gpu_platform_id: -1]
[gpu_device_id: -1]
[gpu_use_dp: 0]
[num_gpu: 1]

end of parameters

pandas_categorical:null
